SHR22, 20110904, 35382 - 35385, Fe = 2000 Hz
ecg (mV)
-0.0101
-0.0153
-0.0107
-0.0107
-0.0070
-0.0070
-0.0064
-0.0085
-0.0085
-0.0134
-0.0146
-0.0204
-0.0247
-0.0330
-0.0366
-0.0421
-0.0372
-0.0339
-0.0247
-0.0204
-0.0140
-0.0143
-0.0107
-0.0171
-0.0174
-0.0223
-0.0217
-0.0211
-0.0162
-0.0159
-0.0082
-0.0092
-0.0046
-0.0095
-0.0082
-0.0143
-0.0128
-0.0150
-0.0104
-0.0095
-0.0031
-0.0031
-0.0006
-0.0055
-0.0089
-0.0162
-0.0174
-0.0192
-0.0183
-0.0198
-0.0125
-0.0122
-0.0110
-0.0159
-0.0122
-0.0153
-0.0125
-0.0156
-0.0125
-0.0125
-0.0076
-0.0070
-0.0031
-0.0052
-0.0055
-0.0089
-0.0092
-0.0064
0.0067
0.0269
0.0589
0.0980
0.1459
0.2023
0.2655
0.3382
0.4178
0.5081
0.6089
0.7135
0.8188
0.9156
0.9934
1.0459
1.0676
1.0551
1.0038
0.9208
0.8054
0.6635
0.5033
0.3360
0.1758
0.0348
-0.0803
-0.1663
-0.2249
-0.2619
-0.2820
-0.2924
-0.2966
-0.2966
-0.2966
-0.2933
-0.2909
-0.2863
-0.2805
-0.2722
-0.2646
-0.2558
-0.2466
-0.2362
-0.2261
-0.2155
-0.2066
-0.1984
-0.1892
-0.1788
-0.1694
-0.1581
-0.1465
-0.1367
-0.1294
-0.1224
-0.1169
-0.1093
-0.1032
-0.0946
-0.0870
-0.0809
-0.0754
-0.0684
-0.0616
-0.0543
-0.0467
-0.0430
-0.0378
-0.0354
-0.0360
-0.0336
-0.0290
-0.0250
-0.0204
-0.0186
-0.0153
-0.0143
-0.0098
-0.0079
-0.0040
-0.0009
0.0034
0.0070
0.0110
0.0125
0.0146
0.0150
0.0195
0.0232
0.0302
0.0366
0.0397
0.0415
0.0467
0.0467
0.0482
0.0485
0.0516
0.0510
0.0513
0.0516
0.0510
0.0504
0.0501
0.0497
0.0513
0.0531
0.0552
0.0562
0.0574
0.0577
0.0571
0.0562
0.0562
0.0583
0.0577
0.0589
0.0577
0.0592
0.0598
0.0620
0.0623
0.0638
0.0613
0.0629
0.0571
0.0574
0.0531
0.0537
0.0516
0.0522
0.0519
0.0549
0.0543
0.0562
0.0504
0.0559
0.0516
0.0525
0.0497
0.0494
0.0439
0.0455
0.0433
0.0433
0.0375
0.0403
0.0385
0.0421
0.0385
0.0424
0.0403
0.0421
0.0394
0.0400
0.0339
0.0366
0.0327
0.0348
0.0314
0.0302
0.0256
0.0211
0.0137
0.0079
0.0018
0.0052
0.0015
0.0064
0.0067
0.0116
0.0110
0.0116
0.0098
0.0095
0.0079
0.0079
0.0061
0.0058
0.0061
0.0067
0.0070
0.0067
0.0073
0.0079
0.0085
0.0079
0.0079
0.0070
0.0067
0.0067
0.0046
0.0037
0.0049
0.0046
0.0058
0.0049
0.0058
0.0031
0.0009
-0.0043
-0.0061
-0.0107
-0.0089
-0.0101
-0.0052
-0.0055
-0.0009
-0.0037
-0.0018
-0.0061
-0.0046
-0.0089
-0.0073
-0.0116
-0.0113
-0.0134
-0.0085
-0.0098
-0.0024
-0.0024
0.0015
0.0034
0.0067
0.0067
0.0104
0.0064
0.0067
0.0027
0.0037
0.0015
0.0076
0.0104
0.0183
0.0214
0.0290
0.0327
0.0436
0.0494
0.0604
0.0659
0.0729
0.0726
0.0711
0.0638
0.0583
0.0427
0.0302
0.0128
0.0009
-0.0113
-0.0165
-0.0217
-0.0204
-0.0174
-0.0125
-0.0085
-0.0070
-0.0070
-0.0064
-0.0089
-0.0107
-0.0134
-0.0146
-0.0159
-0.0180
-0.0214
-0.0214
-0.0241
-0.0275
-0.0290
-0.0296
-0.0272
-0.0250
-0.0223
-0.0198
-0.0156
-0.0140
-0.0122
-0.0134
-0.0131
-0.0131
-0.0107
-0.0107
-0.0085
-0.0089
-0.0067
-0.0085
-0.0073
-0.0098
-0.0101
-0.0125
-0.0128
-0.0143
-0.0146
-0.0150
-0.0122
-0.0113
-0.0089
-0.0098
-0.0089
-0.0122
-0.0125
-0.0134
-0.0122
-0.0128
-0.0085
-0.0089
-0.0067
-0.0085
-0.0082
-0.0113
-0.0110
-0.0156
-0.0146
-0.0156
-0.0140
-0.0146
-0.0116
-0.0098
-0.0085
-0.0116
-0.0107
-0.0150
-0.0165
-0.0192
-0.0183
-0.0119
0.0018
0.0223
0.0510
0.0861
0.1267
0.1795
0.2368
0.3070
0.3867
0.4779
0.5780
0.6836
0.7883
0.8860
0.9659
1.0236
1.0471
1.0377
0.9919
0.9116
0.7996
0.6607
0.5036
0.3382
0.1819
0.0415
-0.0726
-0.1578
-0.2155
-0.2512
-0.2701
-0.2793
-0.2832
-0.2854
-0.2851
-0.2851
-0.2829
-0.2805
-0.2741
-0.2674
-0.2570
-0.2475
-0.2341
-0.2216
-0.2130
-0.2036
-0.1990
-0.1901
-0.1807
-0.1752
-0.1654
-0.1618
-0.1520
-0.1404
-0.1273
-0.1181
-0.1059
-0.0964
-0.0855
-0.0790
-0.0681
-0.0650
-0.0571
-0.0552
-0.0491
-0.0449
-0.0381
-0.0330
-0.0247
-0.0208
-0.0128
-0.0116
-0.0052
-0.0043
0.0009
0.0015
0.0070
0.0067
0.0116
0.0113
0.0165
0.0177
0.0226
0.0211
0.0266
0.0250
0.0281
0.0266
0.0324
0.0324
0.0388
0.0397
0.0446
0.0458
0.0491
0.0501
0.0516
0.0510
0.0522
0.0510
0.0546
0.0540
0.0583
0.0589
0.0604
0.0598
0.0607
0.0607
0.0647
0.0616
0.0656
0.0647
0.0693
0.0684
0.0702
0.0696
0.0699
0.0699
0.0696
0.0708
0.0693
0.0687
0.0674
0.0678
0.0665
0.0665
0.0650
0.0671
0.0632
0.0671
0.0638
0.0656
0.0623
0.0620
0.0601
0.0595
0.0555
0.0562
0.0531
0.0546
0.0491
0.0473
0.0455
0.0455
0.0418
0.0439
0.0418
0.0433
0.0409
0.0421
0.0372
0.0375
0.0324
0.0324
0.0290
0.0302
0.0293
0.0314
0.0317
0.0336
0.0324
0.0336
0.0293
0.0281
0.0220
0.0238
0.0195
0.0189
0.0165
0.0168
0.0146
0.0165
0.0146
0.0143
0.0143
0.0137
0.0128
0.0116
0.0079
0.0079
0.0052
0.0043
0.0034
0.0027
0.0034
0.0003
0.0006
0.0015
0.0006
0.0021
0.0021
-0.0012
-0.0012
-0.0021
-0.0018
-0.0049
-0.0027
-0.0043
-0.0012
-0.0046
-0.0073
-0.0085
-0.0104
-0.0098
-0.0101
-0.0079
-0.0064
-0.0046
-0.0024
-0.0012
0.0003
-0.0006
0.0009
-0.0012
-0.0021
-0.0037
-0.0058
-0.0089
-0.0089
-0.0089
-0.0061
-0.0049
-0.0006
-0.0003
0.0009
-0.0015
-0.0006
-0.0024
0.0006
0.0018
0.0061
0.0092
0.0146
0.0195
0.0253
0.0305
0.0366
0.0436
0.0519
0.0571
0.0638
0.0674
0.0690
0.0662
0.0598
0.0488
0.0372
0.0214
0.0092
-0.0024
-0.0092
-0.0137
-0.0162
-0.0165
-0.0165
-0.0143
-0.0119
-0.0104
-0.0128
-0.0110
-0.0146
-0.0159
-0.0171
-0.0183
-0.0217
-0.0226
-0.0266
-0.0272
-0.0269
-0.0250
-0.0241
-0.0226
-0.0220
-0.0204
-0.0217
-0.0223
-0.0244
-0.0238
-0.0238
-0.0204
-0.0223
-0.0180
-0.0177
-0.0134
-0.0162
-0.0156
-0.0189
-0.0195
-0.0223
-0.0217
-0.0226
-0.0198
-0.0192
-0.0171
-0.0159
-0.0150
-0.0150
-0.0146
-0.0162
-0.0146
-0.0183
-0.0165
-0.0180
-0.0189
-0.0229
-0.0201
-0.0192
-0.0180
-0.0183
-0.0162
-0.0174
-0.0162
-0.0174
-0.0153
-0.0128
-0.0128
-0.0131
-0.0156
-0.0122
-0.0137
-0.0146
-0.0146
-0.0162
-0.0186
-0.0238
-0.0266
-0.0287
-0.0256
-0.0153
0.0009
0.0256
0.0534
0.0888
0.1303
0.1810
0.2429
0.3192
0.4053
0.5069
0.6125
0.7227
0.8243
0.9153
0.9821
1.0227
1.0303
1.0056
0.9470
0.8564
0.7334
0.5878
0.4264
0.2649
0.1148
-0.0143
-0.1154
-0.1880
-0.2350
-0.2619
-0.2771
-0.2793
-0.2793
-0.2756
-0.2722
-0.2667
-0.2649
-0.2600
-0.2561
-0.2487
-0.2426
-0.2323
-0.2252
-0.2139
-0.2060
-0.1962
-0.1874
-0.1782
-0.1697
-0.1590
-0.1511
-0.1410
-0.1312
-0.1218
-0.1111
-0.1047
-0.0946
-0.0879
-0.0787
-0.0687
-0.0613
-0.0555
-0.0455
-0.0412
-0.0378
-0.0333
-0.0253
-0.0223
-0.0177
-0.0134
-0.0082
-0.0031
0.0009
0.0058
0.0104
0.0137
0.0168
0.0183
0.0214
0.0229
0.0287
0.0299
0.0336
0.0351
0.0381
0.0406
0.0439
0.0449
0.0494
0.0507
0.0552
0.0559
0.0577
0.0583
0.0601
0.0583
0.0620
0.0632
0.0671
0.0690
0.0717
0.0732
0.0742
0.0732
0.0748
0.0729
0.0729
0.0717
0.0726
0.0742
0.0772
0.0787
0.0797
0.0797
0.0803
0.0806
0.0778
0.0797
0.0790
0.0775
0.0781
0.0769
0.0775
0.0757
0.0742
0.0748
0.0742
0.0729
0.0717
0.0696
0.0674
0.0678
0.0647
0.0650
0.0616
0.0620
0.0586
0.0598
0.0571
0.0571
0.0534
0.0546
0.0497
0.0479
0.0455
0.0446
0.0421
0.0439
0.0427
0.0455
0.0446
0.0458
0.0473
0.0436
0.0421
0.0385
0.0372
0.0351
0.0330
0.0311
0.0302
0.0290
0.0275
0.0253
0.0247
0.0232
0.0214
0.0201
0.0180
0.0177
0.0168
0.0168
0.0174
0.0162
0.0162
0.0146
0.0143
0.0113
0.0116
0.0079
0.0070
0.0043
0.0058
0.0018
0.0031
0.0031
0.0027
0.0037
0.0043
0.0027
0.0031
0.0003
0.0000
-0.0034
-0.0031
-0.0073
-0.0043
-0.0058
-0.0046
-0.0055
-0.0031
-0.0055
-0.0027
-0.0049
-0.0040
-0.0061
-0.0052
-0.0082
-0.0070
-0.0085
-0.0073
-0.0089
-0.0085
-0.0104
-0.0089
-0.0092
-0.0040
-0.0031
0.0021
0.0012
0.0052
0.0037
0.0049
0.0031
0.0049
0.0043
0.0098
0.0095
0.0153
0.0186
0.0253
0.0287
0.0357
0.0394
0.0473
0.0522
0.0580
0.0604
0.0644
0.0632
0.0623
0.0568
0.0497
0.0394
0.0278
0.0165
0.0046
-0.0052
-0.0146
-0.0204
-0.0223
-0.0229
-0.0226
-0.0165
-0.0165
-0.0131
-0.0122
-0.0107
-0.0107
-0.0122
-0.0159
-0.0192
-0.0247
-0.0281
-0.0314
-0.0324
-0.0324
-0.0287
-0.0272
-0.0229
-0.0229
-0.0189
-0.0204
-0.0180
-0.0214
-0.0195
-0.0238
-0.0214
-0.0244
-0.0214
-0.0244
-0.0214
-0.0256
-0.0217
-0.0247
-0.0211
-0.0244
-0.0217
-0.0241
-0.0208
-0.0244
-0.0204
-0.0244
-0.0214
-0.0238
-0.0211
-0.0226
-0.0195
-0.0201
-0.0174
-0.0201
-0.0168
-0.0201
-0.0165
-0.0198
-0.0168
-0.0195
-0.0171
-0.0211
-0.0211
-0.0220
-0.0208
-0.0229
-0.0198
-0.0198
-0.0156
-0.0150
-0.0128
-0.0153
-0.0156
-0.0198
-0.0256
-0.0317
-0.0336
-0.0348
-0.0293
-0.0153
0.0043
0.0250
0.0537
0.0888
0.1315
0.1886
0.2600
0.3427
0.4404
0.5469
0.6568
0.7676
0.8643
0.9443
0.9986
1.0193
1.0074
0.9620
0.8832
0.7700
0.6363
0.4813
0.3226
0.1691
0.0345
-0.0748
-0.1581
-0.2146
-0.2481
-0.2655
-0.2731
-0.2731
-0.2707
-0.2646
-0.2600
-0.2558
-0.2521
-0.2457
-0.2408
-0.2347
-0.2277
-0.2200
-0.2106
-0.2020
-0.1926
-0.1822
-0.1734
-0.1624
-0.1508
-0.1437
-0.1343
-0.1245
-0.1151
-0.1065
-0.0974
-0.0891
-0.0821
-0.0720
-0.0632
-0.0537
-0.0458
-0.0372
-0.0314
-0.0244
-0.0174
-0.0125
-0.0061
-0.0015
0.0040
0.0073
0.0107
0.0131
0.0171
0.0198
0.0226
0.0247
0.0269
0.0287
0.0330
0.0336
0.0394
0.0421
0.0464
0.0479
0.0510
0.0510
0.0522
0.0531
0.0571
0.0574
0.0613
0.0632
0.0656
0.0665
0.0687
0.0699
0.0705
0.0720
0.0736
0.0748
0.0769
0.0787
0.0781
0.0797
0.0800
0.0797
0.0806
0.0827
0.0806
0.0815
0.0803
0.0809
0.0797
0.0812
0.0809
0.0830
0.0824
0.0827
0.0794
0.0815
0.0797
0.0812
0.0781
0.0772
0.0766
0.0775
0.0736
0.0736
0.0702
0.0702
0.0668
0.0656
0.0613
0.0598
0.0559
0.0546
0.0488
0.0494
0.0458
0.0476
0.0443
0.0464
0.0421
0.0439
0.0400
0.0421
0.0397
0.0412
0.0363
0.0381
0.0339
0.0360
0.0320
0.0311
0.0284
0.0293
0.0247
0.0266
0.0226
0.0232
0.0204
0.0198
0.0168
0.0186
0.0165
0.0180
0.0159
0.0168
0.0134
0.0143
0.0110
0.0116
0.0064
0.0076
0.0052
0.0049
0.0043
0.0046
0.0046
0.0037
0.0037
0.0027
0.0012
-0.0015
-0.0021
-0.0027
-0.0021
-0.0034
-0.0043
-0.0040
-0.0049
-0.0052
-0.0058
-0.0076
-0.0070
-0.0089
-0.0082
-0.0095
-0.0073
-0.0073
-0.0070
-0.0098
-0.0085
-0.0089
-0.0095
-0.0128
-0.0110
-0.0156
-0.0131
-0.0165
-0.0153
-0.0183
-0.0165
-0.0168
-0.0146
-0.0165
-0.0128
-0.0119
-0.0052
-0.0058
-0.0006
-0.0003
0.0021
0.0012
0.0046
0.0024
0.0073
0.0070
0.0095
0.0110
0.0174
0.0211
0.0290
0.0345
0.0430
0.0488
0.0580
0.0607
0.0678
0.0684
0.0702
0.0659
0.0610
0.0491
0.0366
0.0211
0.0067
-0.0095
-0.0217
-0.0305
-0.0324
-0.0351
-0.0330
-0.0299
-0.0256
-0.0223
-0.0180
-0.0162
-0.0150
-0.0189
-0.0201
-0.0244
-0.0259
-0.0293
-0.0299
-0.0324
-0.0348
-0.0354
-0.0345
-0.0336
-0.0339
-0.0333
-0.0339
-0.0324
-0.0320
-0.0314
-0.0320
-0.0296
-0.0296
-0.0287
-0.0281
-0.0278
-0.0287
-0.0287
-0.0293
-0.0272
-0.0287
-0.0275
-0.0259
-0.0238
-0.0266
-0.0262
-0.0256
-0.0247
-0.0262
-0.0269
-0.0262
-0.0262
-0.0272
-0.0262
-0.0266
-0.0247
-0.0256
-0.0250
-0.0247
-0.0238
-0.0241
-0.0238
-0.0250
-0.0253
-0.0272
-0.0259
-0.0262
-0.0253
-0.0247
-0.0226
-0.0217
-0.0189
-0.0195
-0.0186
-0.0223
-0.0266
-0.0336
-0.0403
-0.0464
-0.0473
-0.0439
-0.0317
-0.0150
0.0076
0.0366
0.0708
0.1144
0.1672
0.2359
0.3159
0.4108
0.5149
0.6247
0.7319
0.8298
0.9089
0.9623
0.9830
0.9696
0.9226
0.8405
0.7273
0.5924
0.4419
0.2875
0.1416
0.0171
-0.0830
-0.1578
-0.2078
-0.2365
-0.2524
-0.2576
-0.2579
-0.2545
-0.2518
-0.2463
-0.2432
-0.2381
-0.2329
-0.2258
-0.2194
-0.2118
-0.2033
-0.1938
-0.1883
-0.1795
-0.1718
-0.1645
-0.1553
-0.1468
-0.1370
-0.1276
-0.1178
-0.1090
-0.0983
-0.0882
-0.0754
-0.0702
-0.0620
-0.0522
-0.0455
-0.0381
-0.0324
-0.0278
-0.0204
-0.0171
-0.0101
-0.0070
-0.0003
0.0027
0.0079
0.0101
0.0162
0.0174
0.0220
0.0214
0.0281
0.0266
0.0324
0.0327
0.0385
0.0375
0.0439
0.0409
0.0458
0.0461
0.0485
0.0491
0.0555
0.0540
0.0607
0.0604
0.0665
0.0653
0.0714
0.0717
0.0751
0.0732
0.0787
0.0742
0.0763
0.0781
0.0794
0.0797
0.0839
0.0827
0.0870
0.0851
0.0876
0.0858
0.0861
0.0845
0.0833
0.0818
0.0803
0.0800
0.0803
0.0803
0.0818
0.0818
0.0818
0.0818
0.0821
0.0809
0.0809
0.0797
0.0797
0.0781
0.0757
0.0739
0.0720
0.0696
0.0678
0.0653
0.0638
0.0616
0.0620
0.0635
0.0613
0.0613
0.0589
0.0583
0.0540
0.0531
0.0497
0.0497
0.0461
0.0464
0.0430
0.0436
0.0409
0.0415
0.0397
0.0400
0.0385
0.0406
0.0363
0.0372
0.0320
0.0333
0.0290
0.0278
0.0247
0.0241
0.0223
0.0204
0.0180
0.0180
0.0162
0.0162
0.0137
0.0150
0.0137
0.0146
0.0128
0.0125
0.0113
0.0122
0.0092
0.0092
0.0079
0.0076
0.0046
0.0034
0.0031
0.0012
0.0009
0.0006
-0.0003
-0.0003
0.0027
0.0000
-0.0012
-0.0009
-0.0006
-0.0021
-0.0015
-0.0021
-0.0024
-0.0024
-0.0027
-0.0040
-0.0052
-0.0076
-0.0092
-0.0125
-0.0119
-0.0137
-0.0125
-0.0116
-0.0092
-0.0070
-0.0058
-0.0067
-0.0061
-0.0082
-0.0076
-0.0076
-0.0055
-0.0040
0.0009
0.0043
0.0067
0.0085
0.0089
0.0076
0.0107
0.0095
0.0107
0.0131
0.0159
0.0195
0.0247
0.0302
0.0378
0.0452
0.0534
0.0616
0.0696
0.0766
0.0797
0.0803
0.0797
0.0720
0.0647
0.0510
0.0357
0.0189
0.0024
-0.0098
-0.0220
-0.0284
-0.0317
-0.0317
-0.0305
-0.0256
-0.0208
-0.0204
-0.0192
-0.0134
-0.0159
-0.0162
-0.0180
-0.0198
-0.0235
-0.0244
-0.0287
-0.0287
-0.0320
-0.0324
-0.0339
-0.0320
-0.0333
-0.0317
-0.0324
-0.0296
-0.0320
-0.0281
-0.0278
-0.0244
-0.0253
-0.0220
-0.0235
-0.0208
-0.0241
-0.0214
-0.0262
-0.0220
-0.0241
-0.0232
-0.0241
-0.0223
-0.0232
-0.0223
-0.0241
-0.0229
-0.0241
-0.0247
-0.0241
-0.0226
-0.0238
-0.0247
-0.0223
-0.0217
-0.0244
-0.0247
-0.0253
-0.0259
-0.0272
-0.0262
-0.0262
-0.0247
-0.0256
-0.0238
-0.0259
-0.0238
-0.0259
-0.0238
-0.0241
-0.0223
-0.0229
-0.0226
-0.0278
-0.0330
-0.0424
-0.0446
-0.0531
-0.0528
-0.0473
-0.0330
-0.0140
0.0125
0.0452
0.0864
0.1386
0.2011
0.2799
0.3668
0.4697
0.5741
0.6846
0.7828
0.8683
0.9247
0.9528
0.9437
0.9003
0.8198
0.7129
0.5793
0.4331
0.2823
0.1434
0.0204
-0.0751
-0.1486
-0.1956
-0.2271
-0.2390
-0.2478
-0.2432
-0.2439
-0.2362
-0.2353
-0.2292
-0.2265
-0.2200
-0.2149
-0.2088
-0.2033
-0.1938
-0.1883
-0.1779
-0.1700
-0.1618
-0.1529
-0.1456
-0.1392
-0.1285
-0.1190
-0.1093
-0.1022
-0.0913
-0.0839
-0.0745
-0.0674
-0.0574
-0.0504
-0.0409
-0.0360
-0.0287
-0.0244
-0.0180
-0.0140
-0.0089
-0.0052
0.0015
0.0055
0.0095
0.0153
0.0174
0.0192
0.0146
0.0259
0.0287
0.0327
0.0357
0.0372
0.0394
0.0409
0.0427
0.0464
0.0494
0.0540
0.0543
0.0559
0.0543
0.0577
0.0580
0.0616
0.0607
0.0635
0.0647
0.0678
0.0690
0.0729
0.0729
0.0766
0.0769
0.0781
0.0778
0.0794
0.0766
0.0766
0.0736
0.0736
0.0723
0.0742
0.0720
0.0745
0.0742
0.0745
0.0751
0.0769
0.0760
0.0760
0.0757
0.0748
0.0739
0.0748
0.0745
0.0736
0.0732
0.0717
0.0726
0.0696
0.0690
0.0668
0.0653
0.0629
0.0626
0.0592
0.0589
0.0562
0.0559
0.0531
0.0519
0.0510
0.0522
0.0482
0.0485
0.0464
0.0449
0.0415
0.0406
0.0378
0.0378
0.0357
0.0369
0.0324
0.0336
0.0324
0.0311
0.0302
0.0287
0.0269
0.0262
0.0241
0.0247
0.0204
0.0204
0.0183
0.0180
0.0165
0.0146
0.0143
0.0128
0.0110
0.0116
0.0098
0.0092
0.0085
0.0073
0.0061
0.0052
0.0021
0.0021
0.0006
-0.0009
-0.0006
-0.0012
-0.0024
-0.0015
-0.0018
-0.0031
-0.0031
-0.0043
-0.0052
-0.0061
-0.0043
-0.0082
-0.0082
-0.0092
-0.0098
-0.0113
-0.0089
-0.0122
-0.0101
-0.0128
-0.0098
-0.0125
-0.0110
-0.0171
-0.0110
-0.0143
-0.0116
-0.0140
-0.0104
-0.0137
-0.0101
-0.0119
-0.0092
-0.0131
-0.0107
-0.0146
-0.0113
-0.0143
-0.0122
-0.0134
-0.0089
-0.0104
-0.0058
-0.0070
-0.0027
-0.0043
0.0006
-0.0003
0.0031
0.0043
0.0073
0.0089
0.0168
0.0201
0.0308
0.0381
0.0522
0.0595
0.0720
0.0778
0.0851
0.0861
0.0833
0.0754
0.0671
0.0537
0.0381
0.0217
0.0067
-0.0085
-0.0192
-0.0296
-0.0336
-0.0360
-0.0339
-0.0333
-0.0302
-0.0287
-0.0266
-0.0250
-0.0244
-0.0259
-0.0275
-0.0287
-0.0308
-0.0330
-0.0354
-0.0366
-0.0381
-0.0394
-0.0403
-0.0415
-0.0412
-0.0385
-0.0385
-0.0354
-0.0342
-0.0314
-0.0293
-0.0281
-0.0284
-0.0266
-0.0284
-0.0290
-0.0324
-0.0330
-0.0354
-0.0342
-0.0354
-0.0342
-0.0363
-0.0330
-0.0354
-0.0333
-0.0348
-0.0320
-0.0333
-0.0308
-0.0330
-0.0308
-0.0327
-0.0305
-0.0330
-0.0305
-0.0330
-0.0302
-0.0327
-0.0299
-0.0327
-0.0311
-0.0339
-0.0317
-0.0348
-0.0327
-0.0345
-0.0320
-0.0330
-0.0284
-0.0299
-0.0256
-0.0308
-0.0275
-0.0327
-0.0366
-0.0452
-0.0497
-0.0595
-0.0592
-0.0604
-0.0501
-0.0366
-0.0134
0.0104
0.0461
0.0867
0.1404
0.2045
0.2820
0.3714
0.4697
0.5753
0.6797
0.7752
0.8521
0.9012
0.9159
0.8970
0.8420
0.7563
0.6409
0.5081
0.3610
0.2194
0.0873
-0.0214
-0.1068
-0.1657
-0.2072
-0.2271
-0.2390
-0.2408
-0.2417
-0.2371
-0.2332
-0.2283
-0.2228
-0.2164
-0.2118
-0.2051
-0.1993
-0.1920
-0.1859
-0.1767
-0.1709
-0.1618
-0.1563
-0.1471
-0.1398
-0.1291
-0.1218
-0.1120
-0.1029
-0.0937
-0.0851
-0.0763
-0.0690
-0.0632
-0.0555
-0.0476
-0.0424
-0.0378
-0.0311
-0.0262
-0.0217
-0.0159
-0.0119
-0.0073
-0.0027
0.0009
0.0046
0.0073
0.0119
0.0162
0.0204
0.0226
0.0256
0.0266
0.0284
0.0296
0.0311
0.0339
0.0381
0.0400
0.0424
0.0439
0.0443
0.0455
0.0461
0.0488
0.0519
0.0537
0.0571
0.0580
0.0616
0.0635
0.0635
0.0662
0.0681
0.0638
0.0684
0.0665
0.0678
0.0674
0.0699
0.0711
0.0739
0.0729
0.0763
0.0760
0.0769
0.0757
0.0781
0.0763
0.0775
0.0766
0.0778
0.0769
0.0769
0.0742
0.0732
0.0714
0.0717
0.0705
0.0687
0.0668
0.0656
0.0644
0.0629
0.0616
0.0589
0.0589
0.0559
0.0559
0.0549
0.0537
0.0519
0.0525
0.0494
0.0525
0.0488
0.0485
0.0476
0.0473
0.0439
0.0455
0.0433
0.0436
0.0394
0.0400
0.0385
0.0388
0.0357
0.0369
0.0336
0.0333
0.0284
0.0302
0.0238
0.0266
0.0217
0.0235
0.0186
0.0204
0.0165
0.0183
0.0134
0.0156
0.0128
0.0150
0.0092
0.0125
0.0070
0.0092
0.0055
0.0073
0.0040
0.0058
0.0027
0.0049
0.0012
0.0031
0.0009
0.0027
0.0009
0.0031
0.0009
0.0031
0.0006
-0.0006
-0.0043
-0.0046
-0.0085
-0.0089
-0.0125
-0.0113
-0.0122
-0.0116
-0.0128
-0.0107
-0.0107
-0.0089
-0.0098
-0.0095
-0.0095
-0.0107
-0.0101
-0.0101
-0.0098
-0.0116
-0.0116
-0.0128
-0.0134
-0.0137
-0.0131
-0.0134
-0.0107
-0.0140
-0.0128
-0.0116
-0.0107
-0.0085
-0.0058
-0.0049
-0.0037
-0.0024
0.0000
-0.0003
0.0009
0.0000
0.0031
0.0046
0.0107
0.0122
0.0226
0.0290
0.0436
0.0519
0.0650
0.0717
0.0827
0.0861
0.0894
0.0861
0.0830
0.0720
0.0620
0.0443
0.0314
0.0110
-0.0009
-0.0177
-0.0262
-0.0354
-0.0375
-0.0394
-0.0363
-0.0357
-0.0324
-0.0314
-0.0278
-0.0284
-0.0247
-0.0284
-0.0272
-0.0320
-0.0336
-0.0372
-0.0394
-0.0430
-0.0433
-0.0461
-0.0433
-0.0446
-0.0409
-0.0418
-0.0378
-0.0375
-0.0357
-0.0372
-0.0345
-0.0339
-0.0320
-0.0345
-0.0320
-0.0327
-0.0311
-0.0339
-0.0317
-0.0330
-0.0317
-0.0314
-0.0317
-0.0324
-0.0314
-0.0324
-0.0330
-0.0351
-0.0354
-0.0363
-0.0363
-0.0372
-0.0375
-0.0354
-0.0348
-0.0354
-0.0354
-0.0342
-0.0357
-0.0342
-0.0354
-0.0345
-0.0363
-0.0351
-0.0357
-0.0360
-0.0366
-0.0354
-0.0351
-0.0336
-0.0324
-0.0305
-0.0314
-0.0324
-0.0369
-0.0412
-0.0507
-0.0540
-0.0589
-0.0574
-0.0531
-0.0381
-0.0204
0.0055
0.0351
0.0748
0.1215
0.1810
0.2524
0.3345
0.4261
0.5258
0.6293
0.7221
0.8039
0.8582
0.8845
0.8732
0.8317
0.7557
0.6525
0.5265
0.3931
0.2500
0.1218
0.0052
-0.0787
-0.1474
-0.1892
-0.2161
-0.2283
-0.2341
-0.2313
-0.2307
-0.2240
-0.2213
-0.2130
-0.2100
-0.2030
-0.1996
-0.1907
-0.1871
-0.1785
-0.1727
-0.1645
-0.1581
-0.1492
-0.1428
-0.1331
-0.1264
-0.1157
-0.1080
-0.0986
-0.0928
-0.0855
-0.0772
-0.0699
-0.0632
-0.0537
-0.0473
-0.0381
-0.0327
-0.0241
-0.0192
-0.0131
-0.0089
-0.0037
-0.0021
0.0034
0.0067
0.0107
0.0134
0.0168
0.0204
0.0226
0.0256
0.0266
0.0278
0.0302
0.0327
0.0345
0.0369
0.0394
0.0415
0.0421
0.0443
0.0452
0.0482
0.0479
0.0501
0.0528
0.0534
0.0546
0.0589
0.0595
0.0620
0.0613
0.0653
0.0647
0.0678
0.0678
0.0699
0.0696
0.0723
0.0766
0.0742
0.0711
0.0754
0.0717
0.0748
0.0720
0.0751
0.0723
0.0748
0.0729
0.0723
0.0702
0.0720
0.0681
0.0708
0.0684
0.0696
0.0671
0.0678
0.0650
0.0662
0.0641
0.0647
0.0613
0.0616
0.0568
0.0574
0.0540
0.0540
0.0513
0.0528
0.0504
0.0501
0.0488
0.0494
0.0476
0.0479
0.0464
0.0458
0.0424
0.0430
0.0400
0.0403
0.0381
0.0357
0.0324
0.0327
0.0327
0.0330
0.0305
0.0284
0.0281
0.0278
0.0259
0.0244
0.0226
0.0214
0.0204
0.0180
0.0174
0.0134
0.0146
0.0107
0.0113
0.0082
0.0095
0.0079
0.0085
0.0061
0.0089
0.0067
0.0122
0.0128
0.0198
0.0244
0.0397
0.0504
0.0723
0.0946
0.1270
0.1608
0.2051
0.2500
0.3024
0.3546
0.4111
0.4688
0.5271
0.5802
0.6293
0.6775
0.7218
0.7666
0.8085
0.8494
0.8872
0.9208
0.9479
0.9705
0.9852
0.9934
0.9937
0.9852
0.9754
0.9525
0.9250
0.8817
0.8240
0.7447
0.6513
0.5390
0.4242
0.3012
0.1871
0.0754
-0.0195
-0.1068
-0.1737
-0.2313
-0.2686
-0.2991
-0.3147
-0.3266
-0.3287
-0.3324
-0.3266
-0.3238
-0.3150
-0.3098
-0.2948
-0.2832
-0.2658
-0.2521
-0.2329
-0.2155
-0.1978
-0.1874
-0.1727
-0.1691
-0.1636
-0.1663
-0.1642
-0.1758
-0.1816
-0.1932
-0.2008
-0.2097
-0.2133
-0.2191
-0.2161
-0.2155
-0.2075
-0.2026
-0.1914
-0.1862
-0.1761
-0.1721
-0.1651
-0.1651
-0.1599
-0.1608
-0.1572
-0.1572
-0.1547
-0.1547
-0.1502
-0.1502
-0.1456
-0.1447
-0.1410
-0.1386
-0.1358
-0.1343
-0.1300
-0.1270
-0.1212
-0.1218
-0.1178
-0.1190
-0.1160
-0.1169
-0.1117
-0.1120
-0.1083
-0.1083
-0.1038
-0.1044
-0.0995
-0.0998
-0.0958
-0.0961
-0.0934
-0.0937
-0.0906
-0.0919
-0.0879
-0.0882
-0.0851
-0.0858
-0.0824
-0.0830
-0.0781
-0.0784
-0.0723
-0.0723
-0.0678
-0.0678
-0.0647
-0.0662
-0.0629
-0.0647
-0.0592
-0.0595
-0.0574
-0.0571
-0.0546
-0.0549
-0.0528
-0.0516
-0.0513
-0.0519
-0.0485
-0.0485
-0.0464
-0.0455
-0.0443
-0.0464
-0.0458
-0.0467
-0.0458
-0.0455
-0.0455
-0.0439
-0.0430
-0.0406
-0.0403
-0.0400
-0.0388
-0.0391
-0.0381
-0.0388
-0.0381
-0.0381
-0.0375
-0.0372
-0.0381
-0.0360
-0.0366
-0.0360
-0.0369
-0.0357
-0.0375
-0.0363
-0.0375
-0.0372
-0.0378
-0.0369
-0.0381
-0.0342
-0.0363
-0.0336
-0.0363
-0.0366
-0.0412
-0.0397
-0.0436
-0.0412
-0.0439
-0.0403
-0.0430
-0.0388
-0.0418
-0.0388
-0.0397
-0.0369
-0.0406
-0.0381
-0.0397
-0.0369
-0.0381
-0.0351
-0.0375
-0.0354
-0.0388
-0.0351
-0.0381
-0.0330
-0.0366
-0.0320
-0.0360
-0.0324
-0.0354
-0.0330
-0.0363
-0.0342
-0.0363
-0.0351
-0.0388
-0.0363
-0.0388
-0.0360
-0.0394
-0.0363
-0.0369
-0.0342
-0.0363
-0.0317
-0.0348
-0.0342
-0.0354
-0.0339
-0.0357
-0.0345
-0.0354
-0.0324
-0.0345
-0.0324
-0.0336
-0.0308
-0.0330
-0.0314
-0.0339
-0.0320
-0.0339
-0.0336
-0.0357
-0.0336
-0.0342
-0.0333
-0.0333
-0.0317
-0.0324
-0.0314
-0.0324
-0.0305
-0.0320
-0.0305
-0.0320
-0.0305
-0.0317
-0.0324
-0.0324
-0.0311
-0.0324
-0.0314
-0.0330
-0.0311
-0.0317
-0.0314
-0.0299
-0.0287
-0.0296
-0.0308
-0.0305
-0.0320
-0.0308
-0.0311
-0.0308
-0.0317
-0.0299
-0.0305
-0.0296
-0.0302
-0.0299
-0.0305
-0.0287
-0.0305
-0.0287
-0.0302
-0.0290
-0.0296
-0.0287
-0.0308
-0.0284
-0.0302
-0.0284
-0.0299
-0.0278
-0.0311
-0.0290
-0.0308
-0.0272
-0.0290
-0.0266
-0.0287
-0.0241
-0.0281
-0.0244
-0.0272
-0.0229
-0.0272
-0.0235
-0.0247
-0.0235
-0.0272
-0.0256
-0.0278
-0.0262
-0.0275
-0.0244
-0.0266
-0.0229
-0.0256
-0.0220
-0.0253
-0.0214
-0.0259
-0.0241
-0.0250
-0.0229
-0.0262
-0.0217
-0.0229
-0.0214
-0.0232
-0.0211
-0.0214
-0.0189
-0.0217
-0.0183
-0.0192
-0.0168
-0.0192
-0.0171
-0.0192
-0.0168
-0.0189
-0.0177
-0.0177
-0.0153
-0.0146
-0.0140
-0.0128
-0.0131
-0.0134
-0.0156
-0.0183
-0.0180
-0.0174
-0.0171
-0.0165
-0.0134
-0.0128
-0.0119
-0.0156
-0.0168
-0.0204
-0.0223
-0.0235
-0.0238
-0.0232
-0.0226
-0.0229
-0.0217
-0.0214
-0.0201
-0.0186
-0.0180
-0.0146
-0.0128
-0.0089
-0.0076
-0.0046
-0.0031
-0.0015
-0.0009
0.0012
-0.0003
0.0000
0.0006
0.0049
0.0064
0.0128
0.0195
0.0311
0.0409
0.0534
0.0620
0.0729
0.0739
0.0806
0.0757
0.0732
0.0632
0.0552
0.0412
0.0284
0.0150
0.0043
-0.0076
-0.0162
-0.0229
-0.0262
-0.0275
-0.0266
-0.0266
-0.0223
-0.0204
-0.0180
-0.0186
-0.0192
-0.0186
-0.0183
-0.0211
-0.0223
-0.0238
-0.0275
-0.0266
-0.0266
-0.0272
-0.0262
-0.0266
-0.0262
-0.0266
-0.0262
-0.0253
-0.0244
-0.0250
-0.0241
-0.0247
-0.0259
-0.0262
-0.0262
-0.0262
-0.0262
-0.0244
-0.0238
-0.0229
-0.0214
-0.0198
-0.0195
-0.0177
-0.0165
-0.0159
-0.0159
-0.0140
-0.0153
-0.0162
-0.0201
-0.0201
-0.0174
-0.0204
-0.0226
-0.0223
-0.0229
-0.0201
-0.0226
-0.0217
-0.0211
-0.0214
-0.0208
-0.0189
-0.0177
-0.0159
-0.0140
-0.0089
-0.0064
-0.0031
-0.0027
-0.0021
-0.0043
-0.0076
-0.0089
-0.0064
0.0000
0.0125
0.0299
0.0552
0.0848
0.1196
0.1636
0.2167
0.2756
0.3403
0.4141
0.4911
0.5768
0.6601
0.7447
0.8115
0.8597
0.8750
0.8646
0.8143
0.7383
0.6308
0.5081
0.3671
0.2313
0.0995
-0.0061
-0.0974
-0.1553
-0.2030
-0.2243
-0.2384
-0.2402
-0.2399
-0.2329
-0.2292
-0.2185
-0.2146
-0.2030
-0.1990
-0.1874
-0.1819
-0.1700
-0.1627
-0.1508
-0.1444
-0.1331
-0.1285
-0.1178
-0.1123
-0.1025
-0.0974
-0.0879
-0.0812
-0.0726
-0.0665
-0.0574
-0.0528
-0.0470
-0.0415
-0.0351
-0.0320
-0.0262
-0.0247
-0.0177
-0.0146
-0.0134
-0.0134
-0.0098
-0.0104
-0.0058
-0.0058
-0.0021
-0.0018
0.0015
0.0027
0.0049
0.0061
0.0070
0.0070
0.0089
0.0107
0.0128
0.0153
0.0201
0.0244
0.0278
0.0320
0.0351
0.0378
0.0381
0.0412
0.0430
0.0433
0.0449
0.0473
0.0461
0.0516
0.0510
0.0549
0.0540
0.0589
0.0613
0.0665
0.0681
0.0717
0.0720
0.0769
0.0757
0.0812
0.0806
0.0867
0.0855
0.0906
0.0885
0.0922
0.0882
0.0903
0.0879
0.0897
0.0873
0.0906
0.0858
0.0885
0.0870
0.0888
0.0845
0.0855
0.0839
0.0824
0.0809
0.0818
0.0787
0.0839
0.0833
0.0870
0.0888
0.0940
0.0937
0.0964
0.0946
0.0955
0.0909
0.0903
0.0888
0.0891
0.0882
0.0873
0.0888
0.0861
0.0861
0.0864
0.0858
0.0864
0.0855
0.0839
0.0845
0.0830
0.0824
0.0803
0.0845
0.0809
0.0790
0.0766
0.0751
0.0711
0.0702
0.0693
0.0696
0.0696
0.0711
0.0732
0.0745
0.0751
0.0781
0.0803
0.0855
0.0934
0.1068
0.1233
0.1453
0.1734
0.2072
0.2469
0.2909
0.3415
0.3937
0.4511
0.5033
0.5524
0.5896
0.6205
0.6394
0.6580
0.6696
0.6858
0.6992
0.7178
0.7328
0.7499
0.7636
0.7767
0.7837
0.7862
0.7859
0.7792
0.7685
0.7447
0.7074
0.6513
0.5808
0.4923
0.3974
0.2951
0.1965
0.0986
0.0116
-0.0696
-0.1383
-0.1959
-0.2365
-0.2701
-0.2927
-0.3043
-0.3128
-0.3168
-0.3177
-0.3168
-0.3131
-0.3101
-0.3046
-0.3021
-0.2966
-0.2948
-0.2896
-0.2844
-0.2786
-0.2725
-0.2628
-0.2561
-0.2454
-0.2362
-0.2216
-0.2091
-0.1926
-0.1767
-0.1593
-0.1468
-0.1312
-0.1221
-0.1083
-0.1029
-0.0952
-0.0952
-0.0940
-0.1022
-0.1086
-0.1242
-0.1349
-0.1523
-0.1611
-0.1706
-0.1709
-0.1761
-0.1734
-0.1703
-0.1630
-0.1596
-0.1523
-0.1508
-0.1453
-0.1456
-0.1410
-0.1416
-0.1370
-0.1379
-0.1355
-0.1364
-0.1303
-0.1343
-0.1273
-0.1300
-0.1257
-0.1251
-0.1202
-0.1202
-0.1138
-0.1126
-0.1074
-0.1074
-0.1019
-0.1022
-0.0971
-0.0983
-0.0922
-0.0928
-0.0861
-0.0861
-0.0778
-0.0781
-0.0708
-0.0726
-0.0671
-0.0693
-0.0644
-0.0635
-0.0620
-0.0659
-0.0620
-0.0632
-0.0580
-0.0568
-0.0513
-0.0510
-0.0464
-0.0458
-0.0421
-0.0436
-0.0391
-0.0433
-0.0375
-0.0403
-0.0360
-0.0372
-0.0333
-0.0336
-0.0296
-0.0296
-0.0256
-0.0266
-0.0223
-0.0247
-0.0220
-0.0229
-0.0198
-0.0204
-0.0177
-0.0192
-0.0171
-0.0192
-0.0189
-0.0214
-0.0208
-0.0214
-0.0217
-0.0229
-0.0220
-0.0247
-0.0250
-0.0256
-0.0204
-0.0204
-0.0192
-0.0180
-0.0146
-0.0134
-0.0140
-0.0146
-0.0180
-0.0180
-0.0186
-0.0186
-0.0204
-0.0201
-0.0198
-0.0177
-0.0146
-0.0128
-0.0119
-0.0119
-0.0153
-0.0165
-0.0201
-0.0223
-0.0247
-0.0235
-0.0250
-0.0229
-0.0232
-0.0192
-0.0208
-0.0168
-0.0192
-0.0150
-0.0146
-0.0107
-0.0125
-0.0110
-0.0146
-0.0137
-0.0186
-0.0174
-0.0198
-0.0153
-0.0186
-0.0153
-0.0165
-0.0125
-0.0180
-0.0159
-0.0217
-0.0201
-0.0244
-0.0217
-0.0214
-0.0217
-0.0226
-0.0189
-0.0180
-0.0140
-0.0162
-0.0128
-0.0165
-0.0159
-0.0204
-0.0198
-0.0244
-0.0232
-0.0256
-0.0238
-0.0256
-0.0226
-0.0198
-0.0162
-0.0162
-0.0140
-0.0143
-0.0143
-0.0168
-0.0156
-0.0189
-0.0189
-0.0204
-0.0208
-0.0204
-0.0192
-0.0201
-0.0183
-0.0201
-0.0204
-0.0214
-0.0211
-0.0217
-0.0192
-0.0192
-0.0180
-0.0171
-0.0171
-0.0180
-0.0183
-0.0183
-0.0192
-0.0198
-0.0192
-0.0192
-0.0192
-0.0183
-0.0186
-0.0186
-0.0195
-0.0201
-0.0217
-0.0204
-0.0238
-0.0220
-0.0201
-0.0201
-0.0204
-0.0177
-0.0162
-0.0146
-0.0143
-0.0137
-0.0140
-0.0146
-0.0168
-0.0165
-0.0192
-0.0171
-0.0204
-0.0183
-0.0198
-0.0177
-0.0177
-0.0168
-0.0171
-0.0150
-0.0150
-0.0143
-0.0140
-0.0125
-0.0146
-0.0140
-0.0159
-0.0159
-0.0174
-0.0165
-0.0171
-0.0159
-0.0159
-0.0134
-0.0150
-0.0128
-0.0146
-0.0119
-0.0116
-0.0110
-0.0128
-0.0104
-0.0122
-0.0104
-0.0125
-0.0095
-0.0128
-0.0137
-0.0143
-0.0140
-0.0131
-0.0107
-0.0125
-0.0107
-0.0110
-0.0101
-0.0095
-0.0095
-0.0104
-0.0095
-0.0104
-0.0085
-0.0089
-0.0076
-0.0067
-0.0067
-0.0076
-0.0079
-0.0095
-0.0104
-0.0110
-0.0116
-0.0128
-0.0128
-0.0116
-0.0113
-0.0125
-0.0116
-0.0101
-0.0098
-0.0089
-0.0076
-0.0064
-0.0067
-0.0055
-0.0067
-0.0067
-0.0076
-0.0067
-0.0067
-0.0067
-0.0076
-0.0067
-0.0089
-0.0089
-0.0101
-0.0089
-0.0098
-0.0085
-0.0085
-0.0101
-0.0076
-0.0076
-0.0067
-0.0046
-0.0058
-0.0046
-0.0043
-0.0055
-0.0058
-0.0043
-0.0052
-0.0037
-0.0043
-0.0049
-0.0031
-0.0024
-0.0021
0.0000
0.0021
0.0046
0.0064
0.0089
0.0137
0.0165
0.0223
0.0299
0.0381
0.0476
0.0568
0.0641
0.0729
0.0769
0.0818
0.0818
0.0803
0.0736
0.0641
0.0510
0.0394
0.0250
0.0125
0.0015
-0.0064
-0.0146
-0.0192
-0.0226
-0.0204
-0.0201
-0.0168
-0.0125
-0.0122
-0.0110
-0.0089
-0.0089
-0.0076
-0.0092
-0.0098
-0.0131
-0.0134
-0.0165
-0.0165
-0.0189
-0.0168
-0.0183
-0.0180
-0.0192
-0.0162
-0.0180
-0.0165
-0.0171
-0.0153
-0.0168
-0.0146
-0.0159
-0.0131
-0.0140
-0.0122
-0.0122
-0.0107
-0.0119
-0.0076
-0.0101
-0.0064
-0.0085
-0.0049
-0.0089
-0.0061
-0.0101
-0.0089
-0.0073
-0.0089
-0.0089
-0.0085
-0.0076
-0.0067
-0.0076
-0.0064
-0.0089
-0.0070
-0.0089
-0.0085
-0.0098
-0.0076
-0.0089
-0.0061
-0.0058
-0.0018
-0.0012
0.0037
0.0043
0.0067
0.0064
0.0055
0.0055
0.0076
0.0137
0.0272
0.0464
0.0702
0.1022
0.1367
0.1810
0.2261
0.2793
0.3336
0.3922
0.4514
0.5201
0.5878
0.6656
0.7343
0.7990
0.8381
0.8555
0.8359
0.7905
0.7099
0.6113
0.4889
0.3617
0.2280
0.1080
0.0012
-0.0809
-0.1444
-0.1837
-0.2078
-0.2176
-0.2234
-0.2185
-0.2164
-0.2081
-0.2048
-0.1944
-0.1898
-0.1788
-0.1724
-0.1611
-0.1550
-0.1431
-0.1343
-0.1239
-0.1163
-0.1059
-0.0989
-0.0882
-0.0815
-0.0714
-0.0659
-0.0568
-0.0519
-0.0433
-0.0385
-0.0317
-0.0302
-0.0253
-0.0244
-0.0217
-0.0204
-0.0168
-0.0159
-0.0122
-0.0110
-0.0073
-0.0058
-0.0043
-0.0031
-0.0003
0.0015
0.0037
0.0058
0.0092
0.0110
0.0134
0.0140
0.0146
0.0162
0.0186
0.0204
0.0223
0.0232
0.0244
0.0290
0.0302
0.0336
0.0351
0.0385
0.0400
0.0430
0.0461
0.0497
0.0504
0.0525
0.0537
0.0580
0.0555
0.0583
0.0577
0.0601
0.0616
0.0647
0.0647
0.0684
0.0693
0.0717
0.0720
0.0751
0.0754
0.0778
0.0769
0.0794
0.0806
0.0836
0.0848
0.0873
0.0870
0.0870
0.0885
0.0879
0.0888
0.0888
0.0888
0.0900
0.0909
0.0913
0.0906
0.0919
0.0906
0.0894
0.0888
0.0888
0.0882
0.0879
0.0876
0.0873
0.0879
0.0873
0.0916
0.0885
0.0888
0.0873
0.0867
0.0845
0.0858
0.0833
0.0845
0.0827
0.0833
0.0827
0.0836
0.0818
0.0824
0.0821
0.0806
0.0790
0.0787
0.0772
0.0790
0.0766
0.0769
0.0754
0.0754
0.0736
0.0736
0.0714
0.0711
0.0702
0.0699
0.0678
0.0687
0.0662
0.0665
0.0653
0.0644
0.0616
0.0620
0.0616
0.0629
0.0620
0.0616
0.0610
0.0595
0.0568
0.0546
0.0531
0.0513
0.0504
0.0497
0.0510
0.0479
0.0494
0.0464
0.0470
0.0439
0.0452
0.0424
0.0430
0.0409
0.0421
0.0366
0.0381
0.0305
0.0287
0.0180
0.0092
-0.0089
-0.0241
-0.0467
-0.0659
-0.0903
-0.1111
-0.1300
-0.1462
-0.1627
-0.1685
-0.1767
-0.1755
-0.1709
-0.1566
-0.1462
-0.1355
-0.1383
-0.1456
-0.1676
-0.1892
-0.2191
-0.2457
-0.2793
-0.3144
-0.3543
-0.3964
-0.4383
-0.4721
-0.4953
-0.5069
-0.5051
-0.4920
-0.4703
-0.4401
-0.4041
-0.3601
-0.3128
-0.2554
-0.1969
-0.1309
-0.0638
0.0046
0.0696
0.1309
0.1837
0.2326
0.2686
0.2973
0.3128
0.3229
0.3229
0.3211
0.3092
0.2991
0.2860
0.2750
0.2628
0.2530
0.2423
0.2359
0.2274
0.2240
0.2216
0.2231
0.2237
0.2292
0.2326
0.2359
0.2396
0.2417
0.2439
0.2423
0.2411
0.2384
0.2356
0.2310
0.2283
0.2240
0.2231
0.2173
0.2176
0.2124
0.2109
0.2066
0.2075
0.2014
0.2020
0.1984
0.1972
0.1935
0.1920
0.1871
0.1862
0.1807
0.1807
0.1746
0.1758
0.1697
0.1691
0.1642
0.1645
0.1602
0.1602
0.1575
0.1541
0.1535
0.1529
0.1529
0.1489
0.1477
0.1480
0.1456
0.1447
0.1422
0.1410
0.1395
0.1389
0.1373
0.1370
0.1361
0.1349
0.1343
0.1331
0.1315
0.1306
0.1294
0.1273
0.1257
0.1242
0.1248
0.1212
0.1199
0.1175
0.1178
0.1160
0.1144
0.1141
0.1126
0.1105
0.1099
0.1068
0.1062
0.1047
0.1047
0.1019
0.1010
0.0992
0.0971
0.0940
0.0916
0.0870
0.0848
0.0864
0.0851
0.0824
0.0806
0.0787
0.0766
0.0745
0.0708
0.0678
0.0653
0.0626
0.0601
0.0592
0.0571
0.0577
0.0552
0.0552
0.0528
0.0519
0.0491
0.0504
0.0446
0.0427
0.0397
0.0406
0.0381
0.0369
0.0351
0.0360
0.0336
0.0333
0.0308
0.0299
0.0266
0.0262
0.0250
0.0235
0.0223
0.0229
0.0201
0.0208
0.0183
0.0195
0.0146
0.0168
0.0125
0.0131
0.0107
0.0110
0.0089
0.0089
0.0085
0.0095
0.0052
0.0076
0.0046
0.0031
0.0024
0.0021
0.0006
0.0009
-0.0024
0.0000
-0.0037
-0.0024
-0.0034
-0.0027
-0.0031
-0.0024
-0.0027
-0.0031
-0.0043
-0.0037
-0.0058
-0.0046
-0.0067
-0.0058
-0.0082
-0.0082
-0.0082
-0.0095
-0.0125
-0.0104
-0.0098
-0.0092
-0.0104
-0.0095
-0.0107
-0.0110
-0.0107
-0.0107
-0.0110
-0.0134
-0.0128
-0.0125
-0.0119
-0.0128
-0.0125
-0.0131
-0.0116
-0.0134
-0.0116
-0.0140
-0.0122
-0.0165
-0.0140
-0.0165
-0.0159
-0.0159
-0.0146
-0.0159
-0.0134
-0.0150
-0.0131
-0.0146
-0.0134
-0.0156
-0.0137
-0.0165
-0.0146
-0.0192
-0.0153
-0.0186
-0.0171
-0.0192
-0.0156
-0.0180
-0.0146
-0.0168
-0.0146
-0.0180
-0.0146
-0.0186
-0.0168
-0.0198
-0.0180
-0.0204
-0.0186
-0.0220
-0.0186
-0.0204
-0.0183
-0.0204
-0.0174
-0.0195
-0.0189
-0.0189
-0.0171
-0.0189
-0.0186
-0.0214
-0.0183
-0.0211
-0.0159
-0.0189
-0.0168
-0.0186
-0.0159
-0.0171
-0.0150
-0.0171
-0.0153
-0.0171
-0.0162
-0.0189
-0.0174
-0.0198
-0.0174
-0.0195
-0.0174
-0.0183
-0.0156
-0.0159
-0.0143
-0.0146
-0.0131
-0.0153
-0.0146
-0.0168
-0.0156
-0.0192
-0.0204
-0.0201
-0.0198
-0.0198
-0.0183
-0.0162
-0.0156
-0.0128
-0.0134
-0.0153
-0.0153
-0.0153
-0.0143
-0.0153
-0.0156
-0.0143
-0.0140
-0.0125
-0.0140
-0.0131
-0.0134
-0.0125
-0.0128
-0.0128
-0.0140
-0.0119
-0.0131
-0.0122
-0.0134
-0.0122
-0.0137
-0.0119
-0.0146
-0.0122
-0.0159
-0.0131
-0.0156
-0.0125
-0.0165
-0.0116
-0.0110
-0.0089
-0.0095
-0.0058
-0.0064
-0.0024
-0.0006
0.0067
0.0034
0.0089
0.0073
0.0137
0.0174
0.0272
0.0336
0.0458
0.0562
0.0665
0.0729
0.0839
0.0858
0.0909
0.0894
0.0882
0.0787
0.0711
0.0562
0.0427
0.0250
0.0116
-0.0037
-0.0128
-0.0238
-0.0269
-0.0324
-0.0290
-0.0281
-0.0232
-0.0217
-0.0146
-0.0143
-0.0101
-0.0113
-0.0095
-0.0110
-0.0119
-0.0153
-0.0162
-0.0186
-0.0229
-0.0259
-0.0220
-0.0275
-0.0250
-0.0259
-0.0241
-0.0244
-0.0238
-0.0232
-0.0204
-0.0189
-0.0168
-0.0162
-0.0140
-0.0134
-0.0128
-0.0125
-0.0134
-0.0140
-0.0146
-0.0143
-0.0134
-0.0143
-0.0134
-0.0128
-0.0119
-0.0116
-0.0156
-0.0131
-0.0122
-0.0137
-0.0159
-0.0140
-0.0156
-0.0125
-0.0122
-0.0089
-0.0089
-0.0043
-0.0089
-0.0089
-0.0107
-0.0064
-0.0107
-0.0098
-0.0107
-0.0082
-0.0095
-0.0076
-0.0082
-0.0043
-0.0055
-0.0015
-0.0024
0.0006
0.0012
0.0070
0.0137
0.0256
0.0415
0.0632
0.0873
0.1169
0.1495
0.1892
0.2329
0.2866
0.3458
0.4129
0.4843
0.5609
0.6421
0.7169
0.7807
0.8210
0.8371
0.8188
0.7758
0.7032
0.6104
0.4966
0.3733
0.2451
0.1257
0.0174
-0.0687
-0.1358
-0.1807
-0.2088
-0.2210
-0.2261
-0.2252
-0.2210
-0.2152
-0.2094
-0.2017
-0.1938
-0.1825
-0.1737
-0.1630
-0.1550
-0.1462
-0.1407
-0.1325
-0.1245
-0.1163
-0.1071
-0.0974
-0.0882
-0.0790
-0.0705
-0.0626
-0.0568
-0.0507
-0.0473
-0.0412
-0.0357
-0.0293
-0.0235
-0.0189
-0.0156
-0.0125
-0.0110
-0.0113
-0.0101
-0.0095
-0.0067
-0.0049
-0.0018
-0.0012
0.0021
0.0037
0.0052
0.0079
0.0110
0.0134
0.0159
0.0165
0.0186
0.0198
0.0217
0.0241
0.0275
0.0302
0.0351
0.0363
0.0378
0.0369
0.0363
0.0342
0.0369
0.0351
0.0403
0.0427
0.0464
0.0473
0.0540
0.0555
0.0571
0.0562
0.0610
0.0595
0.0638
0.0616
0.0674
0.0656
0.0702
0.0696
0.0732
0.0723
0.0760
0.0754
0.0797
0.0720
0.0766
0.0736
0.0751
0.0760
0.0763
0.0772
0.0824
0.0790
0.0827
0.0809
0.0848
0.0794
0.0818
0.0781
0.0790
0.0775
0.0772
0.0745
0.0745
0.0754
0.0751
0.0760
0.0781
0.0781
0.0769
0.0778
0.0772
0.0775
0.0772
0.0766
0.0757
0.0742
0.0726
0.0720
0.0693
0.0696
0.0678
0.0681
0.0681
0.0687
0.0671
0.0684
0.0662
0.0650
0.0635
0.0650
0.0616
0.0635
0.0629
0.0647
0.0616
0.0616
0.0580
0.0574
0.0516
0.0519
0.0491
0.0510
0.0485
0.0516
0.0504
0.0534
0.0504
0.0501
0.0458
0.0452
0.0406
0.0409
0.0394
0.0394
0.0381
0.0406
0.0372
0.0391
0.0363
0.0385
0.0333
0.0342
0.0317
0.0320
0.0269
0.0299
0.0290
0.0305
0.0284
0.0293
0.0293
0.0272
0.0266
0.0262
0.0232
0.0247
0.0214
0.0220
0.0208
0.0198
0.0183
0.0192
0.0183
0.0189
0.0174
0.0186
0.0189
0.0201
0.0195
0.0226
0.0189
0.0168
0.0146
0.0143
0.0143
0.0146
0.0156
0.0162
0.0168
0.0183
0.0174
0.0174
0.0208
0.0247
0.0308
0.0311
0.0400
0.0418
0.0482
0.0537
0.0629
0.0729
0.0830
0.0913
0.1022
0.1096
0.1178
0.1212
0.1264
0.1248
0.1227
0.1132
0.1007
0.0882
0.0720
0.0531
0.0366
0.0186
0.0055
-0.0052
-0.0101
-0.0107
-0.0058
-0.0027
0.0046
0.0073
0.0110
0.0110
0.0098
0.0079
0.0055
0.0021
0.0015
0.0006
-0.0006
-0.0024
-0.0031
-0.0052
-0.0046
-0.0040
-0.0043
-0.0049
-0.0052
-0.0064
-0.0064
-0.0055
-0.0046
-0.0021
0.0006
0.0018
0.0031
0.0046
0.0037
0.0037
0.0037
0.0037
0.0046
0.0049
0.0037
0.0052
0.0043
0.0055
0.0043
0.0052
0.0055
0.0067
0.0052
0.0073
0.0052
0.0046
0.0049
0.0024
-0.0006
-0.0003
-0.0021
-0.0012
-0.0006
0.0006
-0.0003
0.0003
-0.0031
-0.0031
-0.0067
-0.0061
-0.0082
-0.0034
-0.0003
0.0021
0.0031
0.0046
0.0031
0.0012
-0.0043
-0.0101
-0.0153
-0.0159
-0.0116
-0.0009
0.0165
0.0400
0.0690
0.1056
0.1465
0.1938
0.2518
0.3156
0.3879
0.4651
0.5500
0.6348
0.7233
0.8008
0.8652
0.9025
0.9122
0.8854
0.8304
0.7428
0.6354
0.5039
0.3684
0.2277
0.1029
-0.0085
-0.0894
-0.1523
-0.1856
-0.2088
-0.2155
-0.2164
-0.2115
-0.2103
-0.2048
-0.2066
-0.2002
-0.2023
-0.1950
-0.1911
-0.1801
-0.1740
-0.1614
-0.1535
-0.1410
-0.1325
-0.1190
-0.1099
-0.0977
-0.0909
-0.0815
-0.0763
-0.0702
-0.0665
-0.0607
-0.0571
-0.0497
-0.0458
-0.0369
-0.0302
-0.0208
-0.0150
-0.0064
-0.0049
-0.0024
-0.0031
-0.0037
-0.0043
-0.0037
-0.0024
0.0034
0.0058
0.0101
0.0134
0.0162
0.0183
0.0217
0.0241
0.0269
0.0293
0.0320
0.0342
0.0363
0.0369
0.0381
0.0394
0.0360
0.0400
0.0400
0.0436
0.0446
0.0482
0.0467
0.0485
0.0439
0.0452
0.0424
0.0433
0.0424
0.0443
0.0455
0.0513
0.0519
0.0577
0.0592
0.0626
0.0592
0.0635
0.0580
0.0589
0.0555
0.0555
0.0528
0.0543
0.0534
0.0555
0.0540
0.0571
0.0552
0.0580
0.0571
0.0586
0.0555
0.0568
0.0555
0.0555
0.0531
0.0516
0.0470
0.0439
0.0394
0.0394
0.0363
0.0385
0.0385
0.0424
0.0418
0.0418
0.0372
0.0369
0.0320
0.0317
0.0293
0.0305
0.0290
0.0305
0.0317
0.0320
0.0302
0.0290
0.0256
0.0247
0.0220
0.0226
0.0238
0.0226
0.0232
0.0223
0.0226
0.0195
0.0174
0.0140
0.0137
0.0101
0.0092
0.0070
0.0055
0.0046
0.0058
0.0034
0.0046
0.0037
0.0046
0.0034
0.0052
0.0000
0.0018
0.0000
-0.0015
-0.0015
0.0015
0.0009
0.0037
0.0052
0.0052
0.0046
0.0024
0.0000
-0.0037
-0.0058
-0.0070
-0.0101
-0.0073
-0.0092
-0.0089
-0.0095
-0.0098
-0.0125
-0.0113
-0.0128
-0.0113
-0.0110
-0.0095
-0.0116
-0.0104
-0.0125
-0.0107
-0.0122
-0.0116
-0.0116
-0.0125
-0.0143
-0.0153
-0.0165
-0.0171
-0.0171
-0.0162
-0.0159
-0.0143
-0.0143
-0.0140
-0.0140
-0.0143
-0.0131
-0.0168
-0.0156
-0.0128
-0.0110
-0.0095
-0.0082
-0.0089
-0.0113
-0.0128
-0.0140
-0.0131
-0.0116
-0.0058
-0.0040
0.0012
0.0085
0.0125
0.0159
0.0211
0.0336
0.0381
0.0501
0.0592
0.0702
0.0763
0.0845
0.0891
0.0928
0.0928
0.0934
0.0870
0.0781
0.0650
0.0525
0.0354
0.0220
0.0040
-0.0043
-0.0186
-0.0238
-0.0278
-0.0262
-0.0281
-0.0223
-0.0201
-0.0156
-0.0140
-0.0125
-0.0143
-0.0137
-0.0162
-0.0159
-0.0177
-0.0192
-0.0208
-0.0229
-0.0259
-0.0266
-0.0259
-0.0262
-0.0244
-0.0211
-0.0180
-0.0159
-0.0134
-0.0101
-0.0107
-0.0101
-0.0131
-0.0146
-0.0156
-0.0165
-0.0165
-0.0168
-0.0153
-0.0156
-0.0153
-0.0159
-0.0150
-0.0162
-0.0156
-0.0150
-0.0125
-0.0134
-0.0101
-0.0101
-0.0098
-0.0119
-0.0125
-0.0150
-0.0146
-0.0177
-0.0177
-0.0171
-0.0165
-0.0162
-0.0134
-0.0150
-0.0125
-0.0125
-0.0116
-0.0134
-0.0119
-0.0134
-0.0113
-0.0128
-0.0116
-0.0116
-0.0085
-0.0104
-0.0073
-0.0095
-0.0067
-0.0085
-0.0031
-0.0009
0.0116
0.0238
0.0470
0.0720
0.1071
0.1450
0.1938
0.2503
0.3113
0.3806
0.4541
0.5329
0.6186
0.7053
0.7895
0.8643
0.9156
0.9424
0.9333
0.8921
0.8170
0.7160
0.5896
0.4526
0.3076
0.1721
0.0488
-0.0501
-0.1288
-0.1816
-0.2200
-0.2359
-0.2457
-0.2463
-0.2454
-0.2408
-0.2393
-0.2295
-0.2243
-0.2179
-0.2133
-0.2023
-0.1975
-0.1874
-0.1813
-0.1703
-0.1639
-0.1526
-0.1456
-0.1349
-0.1282
-0.1172
-0.1114
-0.1007
-0.0971
-0.0879
-0.0809
-0.0714
-0.0674
-0.0574
-0.0531
-0.0455
-0.0421
-0.0366
-0.0345
-0.0284
-0.0262
-0.0201
-0.0177
-0.0122
-0.0134
-0.0061
-0.0064
-0.0024
-0.0021
0.0046
0.0031
0.0082
0.0089
0.0131
0.0128
0.0165
0.0168
0.0198
0.0192
0.0226
0.0220
0.0259
0.0266
0.0296
0.0299
0.0327
0.0357
0.0372
0.0400
0.0439
0.0446
0.0464
0.0458
0.0494
0.0488
0.0519
0.0525
0.0543
0.0559
0.0577
0.0592
0.0574
0.0604
0.0598
0.0598
0.0613
0.0616
0.0623
0.0626
0.0598
0.0592
0.0580
0.0583
0.0580
0.0607
0.0613
0.0623
0.0616
0.0626
0.0607
0.0616
0.0598
0.0601
0.0586
0.0571
0.0555
0.0559
0.0559
0.0559
0.0543
0.0546
0.0507
0.0501
0.0491
0.0516
0.0504
0.0516
0.0504
0.0488
0.0479
0.0497
0.0479
0.0473
0.0446
0.0427
0.0403
0.0397
0.0363
0.0366
0.0354
0.0348
0.0342
0.0320
0.0308
0.0290
0.0275
0.0266
0.0287
0.0262
0.0250
0.0232
0.0214
0.0208
0.0195
0.0168
0.0186
0.0183
0.0189
0.0180
0.0186
0.0168
0.0174
0.0162
0.0171
0.0095
0.0171
0.0159
0.0174
0.0168
0.0162
0.0137
0.0113
0.0073
0.0055
0.0034
0.0034
0.0024
0.0058
0.0046
0.0058
0.0049
0.0055
0.0034
0.0027
0.0006
0.0000
-0.0021
-0.0006
-0.0031
-0.0006
-0.0031
-0.0009
-0.0003
-0.0003
0.0009
0.0015
-0.0012
-0.0003
-0.0040
-0.0043
-0.0052
-0.0052
-0.0061
-0.0043
-0.0031
-0.0027
-0.0031
-0.0006
-0.0015
-0.0024
-0.0040
-0.0043
-0.0049
-0.0064
-0.0070
-0.0061
-0.0079
-0.0070
-0.0064
-0.0034
-0.0027
0.0012
0.0049
0.0079
0.0116
0.0168
0.0217
0.0281
0.0366
0.0446
0.0559
0.0644
0.0757
0.0818
0.0909
0.0916
0.0940
0.0931
0.0916
0.0858
0.0794
0.0653
0.0546
0.0385
0.0287
0.0122
0.0046
-0.0046
-0.0076
-0.0116
-0.0085
-0.0089
-0.0043
-0.0046
-0.0024
-0.0046
-0.0015
-0.0031
-0.0027
-0.0070
-0.0064
-0.0092
-0.0079
-0.0113
-0.0098
-0.0134
-0.0104
-0.0125
-0.0089
-0.0125
-0.0076
-0.0095
-0.0049
-0.0079
-0.0037
-0.0061
-0.0031
-0.0027
0.0006
-0.0012
0.0009
-0.0031
-0.0027
-0.0055
-0.0037
-0.0058
-0.0024
-0.0031
-0.0031
-0.0067
-0.0043
-0.0073
-0.0064
-0.0082
-0.0061
-0.0046
-0.0031
-0.0049
-0.0040
-0.0052
-0.0049
-0.0073
-0.0067
-0.0073
-0.0061
-0.0064
-0.0058
-0.0043
-0.0027
-0.0049
-0.0043
-0.0037
-0.0027
-0.0012
0.0006
0.0012
0.0027
0.0046
0.0058
0.0055
0.0031
0.0027
0.0006
0.0021
0.0049
0.0208
0.0369
0.0620
0.0919
0.1282
0.1694
0.2191
0.2750
0.3415
0.4126
0.4950
0.5805
0.6705
0.7590
0.8375
0.8988
0.9330
0.9406
0.9131
0.8570
0.7703
0.6595
0.5301
0.3897
0.2472
0.1144
0.0003
-0.0913
-0.1556
-0.2020
-0.2283
-0.2411
-0.2448
-0.2445
-0.2402
-0.2353
-0.2289
-0.2228
-0.2164
-0.2109
-0.2045
-0.1941
-0.1892
-0.1819
-0.1718
-0.1648
-0.1563
-0.1489
-0.1404
-0.1315
-0.1230
-0.1138
-0.1029
-0.0940
-0.0839
-0.0714
-0.0626
-0.0534
-0.0488
-0.0388
-0.0330
-0.0269
-0.0217
-0.0159
-0.0122
-0.0073
-0.0043
0.0000
0.0021
0.0061
0.0067
0.0085
0.0110
0.0146
0.0137
0.0171
0.0189
0.0259
0.0275
0.0314
0.0305
0.0342
0.0372
0.0388
0.0397
0.0427
0.0443
0.0467
0.0485
0.0516
0.0528
0.0559
0.0571
0.0595
0.0586
0.0604
0.0601
0.0620
0.0635
0.0650
0.0656
0.0656
0.0659
0.0668
0.0641
0.0656
0.0659
0.0659
0.0653
0.0656
0.0671
0.0665
0.0674
0.0659
0.0702
0.0690
0.0699
0.0684
0.0690
0.0671
0.0668
0.0653
0.0653
0.0638
0.0665
0.0656
0.0656
0.0638
0.0641
0.0620
0.0632
0.0595
0.0592
0.0568
0.0565
0.0516
0.0522
0.0501
0.0501
0.0470
0.0476
0.0446
0.0452
0.0433
0.0439
0.0415
0.0397
0.0369
0.0372
0.0342
0.0345
0.0320
0.0342
0.0320
0.0339
0.0327
0.0339
0.0324
0.0305
0.0284
0.0284
0.0266
0.0266
0.0250
0.0238
0.0211
0.0204
0.0162
0.0174
0.0162
0.0171
0.0131
0.0137
0.0128
0.0125
0.0116
0.0092
0.0095
0.0079
0.0076
0.0079
0.0089
0.0076
0.0089
0.0076
0.0098
0.0076
0.0101
0.0085
0.0073
0.0049
0.0049
0.0037
0.0037
0.0012
-0.0003
-0.0031
-0.0021
-0.0046
-0.0021
-0.0058
-0.0006
-0.0040
-0.0012
-0.0034
0.0000
-0.0027
0.0000
-0.0031
-0.0006
-0.0031
-0.0015
-0.0046
-0.0027
-0.0079
-0.0070
-0.0104
-0.0089
-0.0104
-0.0128
-0.0168
-0.0143
-0.0146
-0.0101
-0.0110
-0.0098
-0.0104
-0.0089
-0.0125
-0.0110
-0.0146
-0.0113
-0.0134
-0.0116
-0.0110
-0.0095
-0.0116
-0.0082
-0.0089
-0.0043
-0.0031
0.0003
0.0009
0.0070
0.0110
0.0183
0.0290
0.0381
0.0467
0.0620
0.0690
0.0797
0.0848
0.0913
0.0931
0.0928
0.0894
0.0833
0.0745
0.0647
0.0543
0.0418
0.0302
0.0198
0.0092
0.0012
-0.0052
-0.0098
-0.0134
-0.0168
-0.0171
-0.0177
-0.0159
-0.0153
-0.0134
-0.0110
-0.0101
-0.0098
-0.0095
-0.0107
-0.0116
-0.0137
-0.0131
-0.0156
-0.0134
-0.0159
-0.0140
-0.0177
-0.0156
-0.0162
-0.0146
-0.0162
-0.0128
-0.0140
-0.0119
-0.0128
-0.0098
-0.0122
-0.0095
-0.0104
-0.0067
-0.0110
-0.0064
-0.0116
-0.0067
-0.0122
-0.0061
-0.0085
-0.0043
-0.0070
-0.0031
-0.0064
-0.0052
-0.0070
-0.0049
-0.0061
-0.0067
-0.0116
-0.0079
-0.0095
-0.0082
-0.0122
-0.0098
-0.0122
-0.0101
-0.0131
-0.0104
-0.0128
-0.0107
-0.0119
-0.0104
-0.0119
-0.0095
-0.0095
-0.0049
-0.0040
-0.0021
0.0006
0.0052
0.0043
0.0061
0.0018
0.0015
0.0012
0.0089
0.0204
0.0418
0.0687
0.1029
0.1425
0.1849
0.2338
0.2887
0.3531
0.4245
0.5057
0.5924
0.6836
0.7691
0.8426
0.8942
0.9189
0.9141
0.8796
0.8149
0.7270
0.6141
0.4837
0.3449
0.2075
0.0818
-0.0259
-0.1080
-0.1679
-0.2060
-0.2280
-0.2374
-0.2399
-0.2359
-0.2338
-0.2274
-0.2246
-0.2185
-0.2127
-0.2057
-0.1987
-0.1883
-0.1804
-0.1718
-0.1630
-0.1550
-0.1468
-0.1383
-0.1285
-0.1184
-0.1090
-0.0992
-0.0906
-0.0809
-0.0723
-0.0632
-0.0552
-0.0464
-0.0391
-0.0302
-0.0238
-0.0159
-0.0089
-0.0021
0.0000
0.0064
0.0079
0.0125
0.0143
0.0174
0.0195
0.0244
0.0244
0.0278
0.0281
0.0311
0.0317
0.0363
0.0378
0.0424
0.0433
0.0501
0.0488
0.0540
0.0546
0.0577
0.0568
0.0604
0.0601
0.0629
0.0620
0.0662
0.0659
0.0693
0.0708
0.0736
0.0742
0.0784
0.0769
0.0812
0.0806
0.0800
0.0800
0.0794
0.0797
0.0794
0.0797
0.0806
0.0806
0.0806
0.0836
0.0830
0.0839
0.0848
0.0836
0.0851
0.0864
0.0864
0.0879
0.0858
0.0851
0.0790
0.0800
0.0772
0.0781
0.0751
0.0766
0.0732
0.0726
0.0674
0.0690
0.0653
0.0674
0.0635
0.0668
0.0626
0.0653
0.0626
0.0638
0.0574
0.0595
0.0549
0.0577
0.0546
0.0577
0.0540
0.0559
0.0504
0.0519
0.0467
0.0479
0.0421
0.0443
0.0394
0.0409
0.0381
0.0409
0.0388
0.0409
0.0357
0.0394
0.0339
0.0378
0.0336
0.0360
0.0317
0.0314
0.0269
0.0275
0.0250
0.0278
0.0241
0.0250
0.0217
0.0247
0.0211
0.0211
0.0201
0.0192
0.0171
0.0204
0.0168
0.0204
0.0214
0.0174
0.0177
0.0165
0.0159
0.0171
0.0143
0.0131
0.0128
0.0116
0.0113
0.0101
0.0104
0.0107
0.0110
0.0098
0.0089
0.0049
0.0034
0.0009
-0.0018
-0.0009
0.0009
0.0006
0.0015
-0.0009
0.0000
-0.0024
-0.0012
-0.0046
-0.0037
-0.0055
-0.0040
-0.0046
-0.0027
-0.0040
-0.0021
-0.0046
-0.0031
-0.0052
