AR	NL
1.0025865	0.1475734
1.0241637	0.0003303
1.0278501	0.9081205
1.0500667	0.7801406
1.1354445	0.6714758
1.149207	0.7750326
1.1492115	0.8417108
1.1523924	0.997037
1.1528348	0.024428
1.1618622	0.3361315
1.1676645	0.6616067
1.1738216	0.0176898
1.1745878	0.8235299
1.1749822	0.6617338
1.1751212	0.8276681
1.1774501	0.7073611
1.1828902	0.9848449
1.1830524	0.85122
1.1849846	0.8054316
1.1954701	0.6469951
1.1961042	0.6253795
1.1966925	0.6453293
1.202061	0.6361609
1.2130047	0.6805624
1.2168636	0.8607988
1.2240281	0.8123035
1.2259245	0.0018482
1.2302442	0.6298418
1.2307627	0.8744204
1.234074	0.7802146
1.2347849	0.5837842
1.2412789	0.843288
1.2451508	0.7452367
1.2531088	0.7398169
1.2541301	0.0037102
1.2564448	0.0009295
1.2582163	0.8861839
1.2585092	0.7495499
1.2654865	0.6722155
1.2685235	0.7565398
1.2707331	0.7968105
1.2712186	0.5497216
1.2763929	0.4428544
1.2787876	0.8105721
1.2812003	0.5781313
1.2832985	0.7403353
1.2925552	0.7498448
1.3113023	0.9454408
1.3165039	0.408292
1.3211523	0.4583783
1.3227439	0.3500058
1.3331448	0.6954571
1.3334852	0.0013086
1.3372501	0.0009847
1.3386523	0.0155646
1.34186	0.9391794
1.342957	0.7073996
1.3444966	0.0045658
1.346498	0.4175957
1.3475477	0.7589884
1.35204	0.5884782
1.3530826	0.5915493
1.3561638	0.7659785
1.3613129	0.664295
1.3623183	0.411849
1.3637934	0.7991053
1.3639374	0.8635351
1.3665778	0.8471904
1.368602	0.7780011
1.3690201	0.8642536
1.3754763	0.8267991
1.3787555	0.9248804
1.3829889	0.6504029
1.3863342	0.7671641
1.386627	0.3887313
1.3875593	0.3432755
1.3880321	0.8711086
1.3885333	0.3282067
1.3905464	0.626694
1.3935909	0.3410507
1.3982605	0.4173704
1.3992464	0.840011
1.4089253	0.4425849
1.4106906	0.5457909
1.4126752	0.2691409
1.4127972	0.0255486
1.4141816	0.738576
1.414632	0.5949717
1.4168882	0.2944978
1.416974	0.6003715
1.4173787	0.2700198
1.419521	0.6069164
1.4232159	0.8458142
1.4294469	0.6440914
1.4311502	0.3536592
1.4313019	0.3113592
1.4379587	0.3894263
1.4393479	0.6012896
1.44038	0.7824745
1.4406225	0.542773
1.4428802	0.3319553
1.4439046	0.3058928
1.4475822	0.5497185
1.4583859	0.4895908
1.4592718	0.9684256
1.4649615	0.2802193
1.470417	0.8249991
1.4708389	0.3108723
1.472934	0.3409961
1.477139	0.0513377
1.4987464	0.3196869
1.5000302	0.2610369
1.5014637	0.9203222
1.5018338	0.3000295
1.502419	0.6675441
1.5024244	0.8524832
1.5093791	0.0462346
1.5114655	0.4289697
1.5150261	0.2745585
1.515608	0.4081127
1.5156293	0.5815518
1.5166677	0.7652489
1.5231038	0.6529913
1.525305	0.2144229
1.5292	0.4347154
1.5309807	0.5142503
1.5419142	0.2548435
1.5444382	0.5393439
1.5472082	0.424237
1.5491469	0.7504
1.5499695	0.6089566
1.555006	0.2648246
1.5597543	0.7072856
1.5720044	0.8050775
1.572141	0.944982
1.5731647	0.35376
1.5796881	0.6507541
1.5839325	0.4749337
1.5864205	0.3933648
1.58932	0.4817491
1.5897421	0.2601908
1.5903119	0.3316536
1.5916336	0.9538826
1.5943086	0.7885337
1.5945214	0.5667919
1.5984812	0.399396
1.5989322	0.8212612
1.6010728	0.2974758
1.6052283	0.2488793
1.6124085	0.4045798
1.6131346	0.5474598
1.6245572	0.4138562
1.6277141	0.6702828
1.6319472	0.6512827
1.6325048	0.4034394
1.6346016	0.5668977
1.6369642	0.4606953
1.6424624	0.0022603
1.6504032	0.576192
1.6510607	0.2846604
1.6525448	0.3634937
1.652866	0.8249231
1.655801	0.7012606
1.6619948	0.4546944
1.6648145	0.3626921
1.6699147	0.8107425
1.6712407	0.4070311
1.6716213	0.9600323
1.6916668	0.4960192
1.6950543	0.414841
1.6988354	0.2389453
1.7014401	0.6548422
1.7033396	0.255996
1.7248282	0.3226488
1.7277383	0.0045353
1.737069	0.6720413
1.7458944	0.306835
1.7470258	0.2893759
1.7483498	0.2075358
1.7532954	0.3205947
1.7536648	0.156131
1.7612242	0.6186704
1.7625881	0.3417048
1.7626212	0.9889093
1.7630284	0.9137108
1.7663514	0.7568998
1.7735626	0.4765901
1.7735698	0.8386604
1.7785417	0.7423709
1.7797917	0.2912059
1.7808855	0.6940907
1.7869654	0.5099183
1.789627	0.9892515
1.7926474	0.8362304
1.7961874	0.408624
1.7964479	0.8377784
1.8037346	0.788114
1.8053353	0.5654983
1.8101049	0.8575842
1.8119506	0.4035799
1.8140408	0.5994951
1.819291	0.7709549
1.8216158	0.6038145
1.8219354	0.9192758
1.822182	0.5000645
1.8242115	0.0070052
1.8280562	0.3612031
1.8291907	0.2657075
1.8372045	0.713662
1.8375864	0.8659389
1.8382652	0.2446624
1.8418106	0.1906509
1.8421711	0.5037671
1.8423893	0.1538719
1.8437297	0.4142616
1.8498181	0.5634063
1.8518842	0.2860202
1.8594098	0.1631477
1.8688703	0.3205347
1.8703248	0.0099554
1.8810331	0.1309024
1.8853851	0.5224365
1.8857602	0.3974172
1.8887437	0.1439745
1.8944212	0.8210578
1.8997834	0.1350253
1.9018871	0.5957902
1.9029727	0.2663446
1.9056887	0.2737401
1.9103478	0.2837883
1.9127686	0.7408221
1.9154306	0.8661244
1.9181047	0.126429
1.9265166	0.7048944
1.936363	0.0054971
1.9379891	0.7032438
1.9404484	0.3095986
1.9497243	0.1510135
1.9552224	0.999638
1.9581004	0.4431888
1.961505	0.1455867
1.9631947	0.0023963
1.9637316	0.7251925
1.9793516	0.1642959
1.9840302	0.7854626
1.9876953	0.2672734
1.9889601	0.2688257
1.9901391	0.0097469
1.9915881	0.3412858
1.9920429	0.1581716
1.9962582	0.2745975
2.0067399	0.228376
2.0135637	0.0340006
2.0178799	0.6105157
2.0211495	0.1171798
2.0238652	0.8045785
2.0261943	0.9357847
2.027384	0.1887387
2.034847	0.006837
2.0376232	0.9564594
2.0389837	0.1835102
2.043528	0.3676306
2.0438448	0.6984032
2.044047	0.7434782
2.050648	0.4644605
2.0521119	0.6954594
2.0591609	0.6158756
2.0599117	0.7074168
2.0616271	0.3570458
2.0667769	0.5188123
2.0701796	0.758931
2.0737156	0.5673402
2.0741753	0.9878675
2.0766315	0.0044574
2.0804475	0.1715346
2.0855107	0.6009046
2.0857922	0.5038706
2.0895509	0.8729233
2.1006654	0.4822255
2.1031119	0.2747419
2.1073323	0.4014767
2.1088197	0.5849932
2.109348	0.9833439
2.1132831	0.5420756
2.1161171	0.6892071
2.1212033	0.4724264
2.1217099	0.2880442
2.1229739	0.2163932
2.1247457	0.4468887
2.1280872	0.6117384
2.1326994	0.2923993
2.1347927	0.5903454
2.1409303	0.3771319
2.1416318	0.6202269
2.1435906	0.4495315
2.1494696	0.1678042
2.1594684	0.7530835
2.1667543	0.655505
2.1671437	0.4622723
2.1678354	0.4922241
2.168339	0.8518276
2.1749709	0.4232431
2.1767339	0.1034628
2.1769732	0.1081381
2.1780243	0.159772
2.1798841	0.397635
2.1807665	0.6301947
2.1861988	0.730154
2.1862805	0.1217869
2.1870707	0.413579
2.1924663	0.2358099
2.1936997	0.8790437
2.1972006	0.7899414
2.1987144	0.2060917
2.1990175	0.7691576
2.2044581	0.3053528
2.2095133	0.1368911
2.2122696	0.6013343
2.2176924	0.6467595
2.2189625	0.3102759
2.221843	0.3463299
2.2228975	0.5572282
2.225837	0.5335837
2.2281516	0.1495292
2.2297219	0.3457128
2.2297245	0.9129449
2.2301458	0.4650691
2.2355656	0.2510235
2.2364748	0.9526746
2.2488934	0.1507262
2.2500619	0.2442389
2.2520474	0.7372815
2.2619112	0.7249537
2.2632643	0.146086
2.2778203	0.4621908
2.2860284	0.5256648
2.2897353	0.5538601
2.2982456	0.361436
2.2987865	0.4250411
2.3014222	0.2234481
2.3029726	0.8668396
2.3059502	0.4359938
2.3108677	0.7620417
2.3131492	0.4548627
2.3138112	0.5788107
2.3165135	0.6674507
2.3171621	0.9868008
2.3172689	0.8779757
2.3213381	0.4726858
2.3222787	0.4691174
2.3291776	0.8845108
2.3310695	0.6954497
2.3324302	0.5039709
2.3328144	0.4289167
2.3330324	0.8729773
2.3356928	0.7669339
2.3371917	0.0938982
2.3419452	0.3929347
2.34389	0.2394195
2.3556428	0.1288535
2.3606743	0.3330487
2.3608006	0.7673466
2.3648751	0.3513121
2.3704849	0.8918859
2.3833459	0.2836137
2.3918081	0.9885863
2.3931529	0.7720114
2.3939683	0.1564552
2.396999	0.4488899
2.4050164	0.859093
2.4105731	0.4503523
2.4178759	0.4284566
2.4265368	0.6381136
2.4271961	0.353403
2.4350164	0.7992914
2.4355164	0.3806282
2.4373408	0.7372095
2.4435636	0.4703953
2.4445246	0.6505435
2.4471165	0.6806156
2.4493533	0.7274377
2.4643398	0.4573438
2.4742138	0.3078061
2.4857549	0.7686016
2.4895515	0.8487841
2.4922963	0.9340267
2.4978773	0.9866471
2.5003455	0.002253
2.5083466	0.3373914
2.5090014	0.5622044
2.5109307	0.6045269
2.5114791	0.9665974
2.5137242	0.2672555
2.5200906	0.3813827
2.5210633	0.6337959
2.5212641	0.3223471
2.52328	0.8576054
2.5240326	0.9684744
2.5260793	0.1024246
2.5313259	0.2305937
2.531653	0.4810012
2.531805	0.3704042
2.5402286	0.6098875
2.5411528	0.0727329
2.5553605	0.750439
2.5563157	0.7922807
2.5637664	0.8882402
2.5643278	0.211407
2.5651875	0.4697595
2.5681754	0.8117913
2.5703232	0.1525228
2.5783201	0.0956505
2.5800771	0.3195203
2.5810647	0.2771934
2.5900865	0.6254368
2.5939494	0.8488558
2.5987701	0.6382408
2.6016028	0.4188978
2.6022718	0.5890162
2.6047812	0.7747256
2.6092486	0.7397298
2.6199213	0.1158304
2.6258073	0.5318223
2.6279114	0.6456093
2.6307116	0.3116202
2.631844	0.2803217
2.6319745	0.9494405
2.6329765	0.2949172
2.6346208	0.5640243
2.6355096	0.4948779
2.6437039	0.673433
2.6452731	0.2738065
2.6455846	0.6770988
2.6456728	0.3987235
2.6597063	0.2831985
2.6597965	0.529078
2.6641349	0.5220361
2.6652075	0.9691368
2.666876	0.066157
2.6683299	0.086762
2.673913	0.9771205
2.6755296	0.5470607
2.6758387	0.6565656
2.6767603	0.8698299
2.6793398	0.0964151
2.6811732	0.4931946
2.6824552	0.4496208
2.682669	0.9582677
2.690997	0.5351813
2.6935981	0.7444409
2.6944175	0.6102707
2.6985881	0.1244494
2.7009384	0.8187482
2.7022015	0.5910144
2.7026713	0.0156362
2.7064798	0.172885
2.7065896	0.6874874
2.7151473	0.9406002
2.724467	0.7050114
2.7258377	0.7893187
2.7331488	0.8564476
2.7525937	0.8499214
2.752616	0.2152047
2.7526996	0.9355808
2.754911	0.4011196
2.7603525	0.5931591
2.7608761	0.5400359
2.7674597	0.3653407
2.7765186	0.7145151
2.7773228	0.3933701
2.7793061	0.7415216
2.7862389	0.171657
2.7906443	0.0725789
2.7909657	0.2290427
2.7938663	0.7320122
2.7961997	0.9411578
2.7980619	0.0994896
2.7981537	0.2783998
2.798682	0.823736
2.7994933	0.2126003
2.8020734	0.9603102
2.8031274	0.7279172
2.8043209	0.6748016
2.8079512	0.1023778
2.8115307	0.4475517
2.8166306	0.5366294
2.8227964	0.7013575
2.8286065	0.1613276
2.8295347	0.5727179
2.8305837	0.0740105
2.832132	0.634651
2.8364407	0.8328384
2.8435281	0.5462517
2.8444138	0.1066039
2.8526595	0.3293797
2.853452	0.0888603
2.8543882	0.0793188
2.8553022	0.8710693
2.8578506	0.4132934
2.8580939	0.7824944
2.8646313	0.3970195
2.8689258	0.5476312
2.871245	0.8745229
2.87257	0.3716826
2.8729309	0.5285637
2.873173	0.2895488
2.8762299	0.136008
2.8798893	0.3835894
2.8865632	0.1524143
2.8874632	0.6559213
2.8888259	0.2075821
2.8899814	0.4483624
2.9020163	0.3244301
2.9020701	0.3802914
2.9155746	0.4818962
2.9160527	0.5319182
2.9220173	0.8210945
2.9324187	0.370424
2.9343655	0.6793834
2.9346617	0.3053309
2.9358084	0.6352768
2.9367479	0.7736421
2.9464705	0.4169156
2.9526672	0.4084744
2.9539324	0.3489432
2.9541306	0.4543792
2.9549069	0.3645403
2.9646175	0.1392602
2.965058	0.9391924
2.9666667	0.5901057
2.9668977	0.6136281
2.9735163	0.252115
2.9786283	0.740779
2.9812249	0.6889251
2.9848467	0.9029878
2.987695	0.4581558
2.988615	0.7684767
2.9898806	0.4645215
2.9983545	0.1376631
3.0001882	0.1987791
3.0010926	0.4129919
3.0011355	0.1969452
3.0052919	0.384226
3.005447	0.7994993
3.0112821	0.8981828
3.0218176	0.3809131
3.0228501	0.8133535
3.0243549	0.2641101
3.031554	0.2956519
3.0321224	0.8973646
3.0347985	0.8656923
3.0390817	0.3279253
3.0407389	0.3054622
3.0421531	0.7693491
3.0490095	0.4583091
3.0497575	0.295028
3.053947	0.8033707
3.0548838	0.5976455
3.057515	0.543537
3.0625859	0.2698273
3.0697567	0.7612703
3.0814831	0.5139572
3.0818019	0.2178659
3.083606	0.7570011
3.0843741	0.3604397
3.091502	0.1951253
3.1062761	0.7500438
3.1071063	0.5730765
3.1119386	0.1168511
3.1120163	0.77619
3.112799	0.6717516
3.1165742	0.4551923
3.1247731	0.3321663
3.1283043	0.9258351
3.129336	0.3095044
3.1299234	0.9615772
3.1299919	0.929523
3.1410055	0.1390377
3.1510067	0.3128886
3.1516566	0.3734344
3.1546475	0.6491795
3.1580773	0.6481227
3.1616806	0.0034477
3.1699721	0.888668
3.1732527	0.7146351
3.1811825	0.5406131
3.1816718	0.3776737
3.1835259	0.290583
3.1901881	0.494215
3.1958128	0.475219
3.1972431	0.6378642
3.2	0.120145
3.2023351	0.9490473
3.2058788	0.0692201
3.2108582	0.6937742
3.2123727	0.6715844
3.2128703	0.2821217
3.2149807	0.5939866
3.2181172	0.9613312
3.2200944	0.6953111
3.2220311	0.5263773
3.2255856	0.7378056
3.2258663	0.4969653
3.2288198	0.1843855
3.2301766	0.6029509
3.2315166	0.5714578
3.235199	0.9609948
3.2366885	0.5882827
3.2367865	0.8883409
3.2409753	0.1217395
3.2414122	0.2702404
3.2434932	0.3724466
3.2469269	0.1342966
3.2482788	0.5306708
3.2496426	0.356227
3.2555038	0.498144
3.2562561	0.0096874
3.2595512	0.5238045
3.2596761	0.949796
3.2693218	0.763399
3.2708704	0.1041231
3.2745548	0.124429
3.2823259	0.8524984
3.2855023	0.7148134
3.2855962	0.3666014
3.2861757	0.3861316
3.2931396	0.848932
3.304674	0.0111891
3.3124834	0.7829816
3.3146152	0.4782036
3.3198441	0.40725
3.3223513	0.8062572
3.325748	0.0879012
3.3335069	0.8265349
3.3389448	0.6086401
3.3409324	0.0524835
3.341366	0.301387
3.3429683	0.1735183
3.3472997	0.2037209
3.3579114	0.4672845
3.3592308	0.0659743
3.3599573	0.5599918
3.3626988	0.4977292
3.3644027	0.6572864
3.3704825	0.1356938
3.3837528	0.3278383
3.386929	0.5471948
3.3909791	0.6498199
3.3914701	0.0514664
3.3961328	0.8422429
3.4022436	0.4589567
3.4028789	0.136633
3.4042277	0.0231852
3.4076747	0.9330436
3.4154871	0.1488693
3.4156168	0.7528391
3.4192345	0.1712702
3.4329342	0.6269303
3.4329722	0.4438275
3.4372937	0.1369728
3.4390551	0.1440005
3.4502405	0.4588041
3.4545287	0.581672
3.4601733	0.6592675
3.4668175	0.7165346
3.4676073	0.5947413
3.4681352	0.4428622
3.4692743	0.4507879
3.481105	0.5641717
3.4823824	0.7197473
3.4869987	0.804452
3.4988907	0.083551
3.5002402	0.322311
3.5019182	0.5442791
3.508158	0.5420081
3.512191	0.7106065
3.5140301	0.2336547
3.5147975	0.7520593
3.5200344	0.9753603
3.5204	0.2442099
3.5237769	0.9543049
3.5302858	0.6787551
3.5349389	0.362324
3.5419884	0.6866678
3.5437134	0.6586369
3.5474096	0.4074174
3.555061	0.3676465
3.557514	0.7162892
3.5643933	0.2733154
3.5769927	0.5685932
3.5789881	0.3998141
3.5804669	0.0061549
3.5832766	0.9833598
3.5838177	0.7246289
3.606993	0.3669253
3.6109333	0.4070842
3.6114333	0.4001483
3.6132906	0.5700786
3.6166708	0.3743518
3.621781	0.9183485
3.6238589	0.0599667
3.6431891	0.2604943
3.64374	0.8041806
3.6456989	0.2991832
3.6482713	0.2300816
3.6486063	0.3764497
3.6512001	0.5222061
3.6522191	0.0034967
3.6550116	0.0133725
3.657877	0.4812455
3.6590217	0.3665661
3.6674525	0.7454005
3.6719408	0.862432
3.6765581	0.5939779
3.6799112	0.1419052
3.6824112	0.1565356
3.6832272	0.2407398
3.6865504	0.2810094
3.6913265	0.6574813
3.6930041	0.9998099
3.6939595	0.0421024
3.7002092	0.9506522
3.7015085	0.8399194
3.7022259	0.6425638
3.7044232	0.3819412
3.7068815	0.5556818
3.7094252	0.5484581
3.7173097	0.7976153
3.7200209	0.9905071
3.7347014	0.5092578
3.7359272	0.633384
3.7377443	0.7641221
3.7446536	0.6338029
3.7589533	0.8948175
3.7636545	0.5099072
3.7681434	0.5239491
3.7741221	0.3241846
3.7744153	0.7604109
3.7804689	0.3554169
3.7884926	0.5733189
3.7977414	0.3559783
3.7979192	0.5026875
3.8034908	0.8082184
3.8051894	0.7325579
3.8106968	0.7744816
3.8169433	0.8576289
3.8188356	0.5184296
3.8201301	0.5783828
3.8217225	0.3232592
3.8244302	0.7446617
3.8261358	0.745387
3.8343672	0.9978479
3.8449198	0.7596925
3.847307	0.3880849
3.8510056	0.4244313
3.8856144	0.0120271
3.890084	0.492983
3.9046534	0.4863236
3.9077289	0.3457096
3.9103504	0.7062954
3.9164674	0.2541045
3.9201318	0.489092
3.920852	0.6873119
3.9221816	0.9981979
3.9226671	0.3045264
3.9227366	0.458023
3.92558	0.28854
3.9271036	0.1530631
3.9380553	0.8732132
3.9397791	0.1362803
3.9426263	0.7647052
3.9465178	0.267253
3.9550883	0.6434178
3.9556641	0.5499892
3.9578642	0.2950702
3.9659612	0.7295545
3.9679357	0.8086458
3.9711732	0.2270264
3.97187	0.41205
3.9731687	0.1248174
3.9780393	0.6066137
3.9780484	0.5498271
3.9803207	0.7561372
3.9854305	0.2713827
3.9854914	0.9999874
3.9859774	0.7129301
3.9866436	0.2509831
3.987013	0.8009285
3.9932144	0.818523
3.9952267	0.550668
3.9978535	0.80309
3.9985934	0.6940512
4.0010946	0.7738521
4.0030694	0.637701
4.0068447	0.1013091
4.0079467	0.110844
4.0127249	0.1713448
4.0161225	0.8851805
4.0190799	0.3173675
4.0190903	0.3294733
4.0200238	0.6232159
4.0238972	0.7651968
4.0253824	0.8399387
4.0315201	0.4256677
4.0374291	0.248437
4.050751	0.661128
4.0515079	0.1390051
4.0586556	0.4308809
4.0590746	0.459429
4.0626272	0.7251025
4.0667995	0.4228574
4.0805871	0.3642547
4.0829424	0.4143868
4.0856688	0.9907796
4.0881594	0.5053958
4.098204	0.611494
4.1021666	0.1482994
4.1085575	0.1609072
4.1126333	0.4878127
4.1152974	0.376557
4.1155403	0.6299476
4.1186561	0.8477809
4.119039	0.4283375
4.1231556	0.500936
4.1239229	0.5003092
4.1244756	0.9478811
4.1283761	0.3341534
4.1334822	0.5348244
4.1356798	0.4947115
4.137028	0.6903735
4.1391576	0.5357695
4.1452542	0.2479363
4.1480537	0.8033909
4.1514286	0.9313935
4.1547969	0.421634
4.1640449	0.7768785
4.169152	0.0782478
4.170684	0.4628777
4.1762874	0.4085907
4.1823888	0.0395267
4.1836958	0.7925383
4.186309	0.6974569
4.1930441	0.7117655
4.1964115	0.271271
4.1965967	0.3843079
4.1982705	0.1847545
4.204403	0.5810751
4.2064995	0.1777191
4.2094036	0.4682168
4.2103202	0.6142069
4.215477	0.1485104
4.2223368	0.4056998
4.226642	0.467966
4.2282765	0.9211287
4.2348257	0.6768198
4.236225	0.2692416
4.2542881	0.0415633
4.2627975	0.0755968
4.2705935	0.4999871
4.2713148	0.7130046
4.2719064	0.8763494
4.2733219	0.914041
4.2743291	0.6355901
4.2782179	0.5288377
4.2805254	0.0364848
4.2881515	0.4975093
4.2913741	0.6222686
4.2937063	0.2965933
4.3002526	0.7827648
4.3013145	0.727613
4.3020065	0.5998875
4.3022242	0.3521423
4.3107116	0.6585729
4.3131627	0.5003229
4.3139298	0.7875992
4.3144438	0.1907871
4.3206453	0.1578272
4.3247207	0.6362898
4.3260826	0.4874554
4.3265956	0.3368299
4.3273249	0.5420658
4.3290323	0.7533709
4.3341583	0.0337974
4.3353853	0.4740651
4.3358974	0.4125797
4.3410789	0.4380133
4.3452775	0.4293134
4.3647908	0.4753587
4.3680787	0.1458759
4.3714453	0.9847244
4.3768389	0.8465955
4.3769566	0.2839115
4.3807357	0.1994846
4.3824938	0.8433179
4.3845649	0.6075816
4.3859906	0.3251229
4.3921014	0.7646585
4.3936382	0.0682593
4.3942151	0.9990826
4.3951165	0.9622978
4.398807	0.413456
4.4004962	0.5438965
4.402716	0.3489409
4.4118051	0.5646206
4.4135998	0.5560332
4.4149515	0.3549734
4.4201011	0.6324129
4.4264645	0.4940257
4.4333515	0.0150114
4.4336788	0.5206691
4.4345491	0.5477157
4.4399251	0.5495242
4.4529805	0.6591016
4.4585981	0.3621375
4.4606239	0.5770706
4.4652058	0.374261
4.4667588	0.3363037
4.4674868	0.7058284
4.4795018	0.377868
4.4830287	0.6546926
4.4897475	0.789249
4.4916642	0.3249207
4.4937069	0.2355841
4.5082232	0.5680061
4.5102211	0.2630282
4.5128651	0.22268
4.5205534	0.9923298
4.521503	0.7598939
4.5222266	0.9771453
4.5236002	0.3319543
4.5431057	0.740654
4.5555833	0.360801
4.5584991	0.15919
4.5613263	0.1464519
4.573166	0.3130439
4.5757417	0.7623132
4.581018	0.4191455
4.5835845	0.970955
4.5854973	0.6475423
4.5911674	0.1932535
4.5932167	0.8526619
4.6047535	0.1042943
4.6123532	0.462355
4.6126998	0.8574418
4.6128025	0.4455236
4.616005	0.2654953
4.6463602	0.2174881
4.648004	0.483417
4.6550201	0.4459821
4.6577431	0.5101422
4.662738	0.9722312
4.664122	0.5994777
4.6659154	0.3257509
4.6663113	0.3923927
4.6827414	0.1788462
4.6828872	0.4155364
4.6851018	0.6361475
4.6863504	0.2587243
4.6896974	0.6762034
4.6953443	0.426192
4.697277	0.8866643
4.7029736	0.921558
4.7080661	0.4974919
4.7097285	0.4987157
4.7163182	0.9918298
4.7173988	0.4654503
4.7318741	0.323865
4.741606	0.0579848
4.7437272	0.1837527
4.7481554	0.1137596
4.7496347	0.8753169
4.7550716	0.3292651
4.7601331	0.1281458
4.7634179	0.5533898
4.7652082	0.9364267
4.7661905	0.1141048
4.7734352	0.0198588
4.7798781	0.0734272
4.7813373	0.4873735
4.7917212	0.3974712
4.7939175	0.5574753
4.803564	0.4911351
4.806672	0.50733
4.8156393	0.3373668
4.8173546	0.7483891
4.8189614	0.6344333
4.8269344	0.612732
4.8285135	0.5992279
4.8300317	0.4406903
4.8359909	0.6256931
4.8439293	0.5738384
4.8463169	0.5161893
4.8473251	0.5720998
4.8680466	0.1621226
4.8682064	0.2394992
4.8714888	0.6483578
4.8763176	0.9631807
4.8814938	0.8895533
4.8823325	0.5424786
4.8888889	0.8010093
4.8900655	0.9908171
4.8910307	0.572495
4.892238	0.2842449
4.8926625	0.7040144
4.8945656	0.9319938
4.9020676	0.9851722
4.9065618	0.5051535
4.9083627	0.4350522
4.9089817	0.5640333
4.9206778	0.3497807
4.9247163	0.2578635
4.9265056	0.7981658
4.9287562	0.1681319
4.9358641	0.2434531
4.9384418	0.4985573
4.9393957	0.4433525
4.9416596	0.2489898
4.9522347	0.7662543
4.9560894	0.7782969
4.9595944	0.6460956
4.9621212	0.2149475
4.9627951	0.4760943
4.9672102	0.795061
4.9703415	0.8366177
4.9763916	0.3523247
4.9797584	0.8386355
4.9959698	0.1360278
4.9966055	0.8364326
4.9976663	0.8681475
5.0030864	0.6729625
5.0101042	0.3291653
5.0124035	0.6852088
5.0240221	0.5016347
5.0248836	0.4735912
5.0361	0.6105985
5.0372941	0.4741282
5.0397983	0.6159788
5.0523519	0.5673137
5.0658515	0.7909084
5.0708019	0.0058329
5.0718019	0.8141977
5.0724327	0.2294259
5.0738855	0.4041108
5.0739833	0.6130286
5.078051	0.431247
5.0838752	0.5397238
5.0852166	0.5195464
5.0857931	0.8164634
5.08716	0.481119
5.093409	0.7330666
5.0939804	0.4610306
5.0952041	0.7128232
5.1022177	0.8669662
5.1161914	0.2921351
5.1210589	0.0625081
5.1249882	0.5856761
5.127609	0.4829743
5.1332583	0.1215729
5.1342961	0.5730523
5.1369035	0.2142237
5.1379079	0.7915142
5.1389881	0.5500608
5.1419712	0.7744342
5.1469917	0.8866159
5.1477018	0.2837391
5.1550128	0.294455
5.1583213	0.6488742
5.1596166	0.8124814
5.1721661	0.1541445
5.1731159	0.1115201
5.1812081	0.9126474
5.1844119	0.7739186
5.1864979	0.9863032
5.1877419	0.6610331
5.1891445	0.4544467
5.1940848	0.1682342
5.2039072	0.6140347
5.2079168	0.7380366
5.2124617	0.3567754
5.2125326	0.7893621
5.2178325	0.0525944
5.2291331	0.6774158
5.2340942	0.2279114
5.236644	0.5514819
5.2403433	0.683964
5.2461434	0.6650828
5.2517778	0.3622739
5.25219	0.6195825
5.2584073	0.1413134
5.2610384	0.3480468
5.2637205	0.8624206
5.2642914	0.6511267
5.2681223	0.9977586
5.2685006	0.2054721
5.270705	0.4724531
5.2721788	0.9429382
5.2726604	0.5223768
5.2740654	0.2119557
5.2763646	0.9324837
5.2786766	0.2478272
5.2798165	0.173179
5.2829081	0.0303699
5.2841015	0.9095635
5.2844886	0.106325
5.2951657	0.6934445
5.2979514	0.3338866
5.3099314	0.9794354
5.3122836	0.7904315
5.3132389	0.2209096
5.3189742	0.4251503
5.3237147	0.3165922
5.3251856	0.4973236
5.3307433	0.3042202
5.3314104	0.9891032
5.3327666	0.3208922
5.3342851	0.0740525
5.340486	0.0743398
5.3410037	0.2579887
5.3457217	0.4024793
5.3577555	0.0629893
5.3611738	0.3701084
5.3619874	0.176484
5.3653981	0.3046352
5.3667835	0.2782084
5.3726228	0.7993259
5.3736671	0.5721584
5.374487	0.2042185
5.380695	0.120208
5.381894	0.1325404
5.394672	0.7829267
5.3963066	0.6908891
5.4042342	0.3369329
5.4077342	0.6683971
5.4109331	0.1831516
5.4153467	0.4627377
5.4154046	0.5239856
5.4254499	0.7987842
5.4256727	0.840782
5.4262415	0.3691035
5.4267992	0.5138948
5.4299731	0.5445206
5.4447081	0.9209242
5.4469649	0.5329298
5.4498445	0.6957018
5.4536823	0.9811011
5.458835	0.3639265
5.4592604	0.6769617
5.46098	0.8505115
5.4619676	0.1664031
5.4621483	0.8592141
5.4652605	0.4399836
5.4711754	0.3220556
5.4752073	0.8143277
5.4813652	0.2806756
5.4827403	0.6369907
5.4830239	0.509783
5.5015494	0.2460963
5.5071882	0.5044176
5.5107623	0.7898103
5.523415	0.3730204
5.5264319	0.0986147
5.5282245	0.3670377
5.5384848	0.5768977
5.5434704	0.321831
5.5467015	0.7175633
5.5525638	0.1706986
5.5539482	0.8294786
5.5685005	0.9278786
5.5706161	0.2683797
5.5706483	0.200796
5.5710517	0.8427002
5.5719096	0.6074119
5.5751628	0.6383502
5.5830241	0.591265
5.5851336	0.8061367
5.5886625	0.6451224
5.591925	0.6012004
5.5976849	0.6927104
5.5994199	0.4497727
5.6025256	0.2451929
5.6042847	0.4133418
5.612118	0.4727337
5.6217629	0.7794385
5.6295353	0.9827154
5.6351196	0.9670256
5.6407024	0.1827357
5.6414545	0.4991634
5.6437557	0.3199471
5.6458489	0.3446636
5.652674	0.3715231
5.6663355	0.5322374
5.6715538	0.9832344
5.6718541	0.8548138
5.6738124	0.0013518
5.6768868	0.2699657
5.6772669	0.2219604
5.6784397	0.1374841
5.6794615	0.7028411
5.6806133	0.7942489
5.6808542	0.8522927
5.6844867	0.0890106
5.6854247	0.0392508
5.6858124	0.8029653
5.689398	0.9888292
5.6920076	0.3694209
5.6930524	0.4886573
5.6978404	0.8793492
5.700401	0.2480283
5.7030976	0.8271593
5.7083618	0.730751
5.7144553	0.9291261
5.7170552	0.1707062
5.7182294	0.289899
5.7184096	0.2702567
5.7231898	0.7249775
5.7259397	0.7630149
5.7347014	0.8376507
5.7376936	0.4779351
5.7394691	0.3704705
5.7455881	0.8873837
5.7481631	0.7999533
5.7514754	0.1172534
5.7525681	0.8104494
5.7626593	0.5472336
5.7635643	0.571225
5.7713542	0.3670516
5.7790968	0.7564909
5.7815999	0.9035641
5.7832906	0.1095576
5.8000642	0.7172848
5.8020942	0.5828431
5.8038926	0.1720333
5.8114816	0.8490027
5.8121212	0.8948328
5.8130883	0.9001832
5.8155651	0.4305311
5.8179348	0.4589786
5.8199621	0.7815068
5.8225059	0.0394908
5.8245267	0.413726
5.8257901	0.1490574
5.8265078	0.4069139
5.8323663	0.8086022
5.8392513	0.6310275
5.841206	0.5580509
5.8417037	0.3697243
5.8507387	0.6729757
5.8639882	0.5759958
5.8702368	0.2621951
5.8739336	0.1302619
5.8767174	0.4424876
5.8806098	0.2509531
5.8821902	0.864852
5.8834679	0.8584105
5.8862847	0.8653407
5.8936245	0.7329648
5.906705	0.4230611
5.9067088	0.2258539
5.9069406	0.3805922
5.9091595	0.0660677
5.9116429	0.5504268
5.9154158	0.3926553
5.9267548	0.7941866
5.9299097	0.1283104
5.9304941	0.6057995
5.9319779	0.4092626
5.9404019	0.2138289
5.941472	0.391799
5.9462731	0.6045496
5.9481167	0.3772199
5.9528501	0.2164503
5.9543955	0.1822673
5.9544945	0.0295173
5.9554136	0.1124899
5.9592391	0.077231
5.9717283	0.8486869
5.9755302	0.7800568
5.9872117	0.3202335
5.9986739	0.7295558
5.9995107	0.6892734
6.0033055	0.0220142
6.0041352	0.7466769
6.016761	0.1721317
6.0173327	0.7999292
6.019274	0.7678208
6.0209581	0.3697811
6.0210716	0.5651762
6.0248751	0.6760181
6.0290057	0.0263603
6.0380196	0.1853079
6.0419779	0.7728211
6.0435414	0.7709587
6.0443073	0.9349564
6.0459239	0.7859232
6.0470813	0.6741423
6.0512384	0.7240374
6.0598099	0.9987857
6.0615631	0.3755975
6.072461	0.3977967
6.0795677	0.3722472
6.0980993	0.5059522
6.0991347	0.9809537
6.1052356	0.2020645
6.1109776	0.620649
6.1148708	0.3649918
6.1167572	0.959681
6.1181556	0.6161885
6.1228423	0.2947168
6.1246269	0.5410383
6.1326626	0.4485812
6.1327003	0.4720319
6.138003	0.6317232
6.142916	0.9702282
6.1519364	0.6124379
6.1570386	0.5575438
6.1577857	0.9988996
6.169998	0.8944231
6.1708797	0.7136737
6.1728537	0.1159541
6.1745888	0.157005
6.1766116	0.8074291
6.1854488	0.9612793
6.1911484	0.210444
6.1913063	0.7147074
6.1942797	0.5029101
6.1950207	0.6218995
6.1982895	0.3359978
6.2055732	0.6631069
6.2088518	0.4326937
6.2105397	0.563018
6.2181266	0.2567565
6.2201772	0.3750947
6.22377	0.4820799
6.2246512	0.6448705
6.2289865	0.522271
6.2365184	0.1930154
6.2380165	0.9392233
6.2398695	0.8642826
6.2444899	0.8326621
6.2561505	0.2377084
6.257691	0.7083081
6.2651815	0.6128879
6.2677571	0.5137886
6.2696665	0.2975415
6.2816161	0.1670568
6.2842289	0.5468522
6.2859759	0.7013925
6.2902564	0.323473
6.2915436	0.9807456
6.2940294	0.6136087
6.2943458	0.5612643
6.3030945	0.2841955
6.3050915	0.5305549
6.3100435	0.4023584
6.3121993	0.5088583
6.3158047	0.8368921
6.317092	0.1028082
6.3178648	0.5244072
6.3226858	0.6705204
6.3274766	0.2513511
6.3338577	0.5988313
6.3396653	0.510569
6.3501696	0.6546972
6.3519611	0.6471723
6.3538756	0.1090754
6.3545494	0.4822425
6.371942	0.5387384
6.3752969	0.1582114
6.3808453	0.2525671
6.3950196	0.797313
6.4076425	0.1215803
6.4115139	0.9846319
6.4151624	0.140191
6.4176455	0.2365957
6.4196693	0.1477488
6.4277196	0.6353586
6.4366102	0.9325382
6.4388107	0.9983168
6.443776	0.6389787
6.4537862	0.2668288
6.4643702	0.7509538
6.4744887	0.243274
6.4784604	0.7309425
6.4806354	0.4595375
6.4885234	0.1746339
6.4940063	0.9134698
6.5039548	0.1774717
6.5133818	0.9139706
6.5184699	0.5414298
6.5207953	0.6342868
6.5261722	0.0358513
6.5414622	0.3804644
6.5416782	0.6471604
6.5441648	0.2664974
6.5547719	0.0426761
6.5560049	0.7370646
6.5572954	0.3116422
6.5580564	0.8819213
6.5715537	0.589636
6.5732317	0.1187196
6.5825554	0.9131212
6.5980211	0.0892589
6.6070461	0.8642991
6.6072264	0.2952999
6.6086134	0.9814617
6.6123302	0.8981995
6.6125186	0.6675498
6.6128848	0.2011267
6.6161996	0.9075551
6.6163479	0.8735989
6.6188226	0.1134393
6.6228571	0.6647243
6.6246763	0.1873466
6.6256486	0.9963662
6.6305508	0.9654588
6.6357899	0.8406398
6.6380638	0.2935491
6.6554647	0.2794386
6.6607843	0.7584046
6.6713704	0.7162842
6.6765425	0.8007128
6.7058279	0.7069727
6.7058982	0.9141722
6.7149581	0.3397817
6.7162256	0.3379437
6.7282259	0.4893906
6.7309405	0.4814094
6.7328534	0.4475229
6.7466841	0.8250049
6.7564588	0.5094139
6.7635759	0.2512711
6.7657609	0.3811206
6.7707333	0.4541646
6.7744977	0.5379169
6.797654	0.7724777
6.811889	0.5122084
6.8512771	0.195476
6.8516949	0.6966353
6.8554851	0.82396
6.8685081	0.6553257
6.8732929	0.9107329
6.8859979	0.7711799
6.8889741	0.9725052
6.8948143	0.9365384
6.9022838	0.8347472
6.91271	0.6511369
6.917536	0.9994737
6.9646475	0.3436524
6.9763856	0.8838077
6.9825378	0.3977176
6.9841043	0.3921162
6.9985296	0.6172802
7.0053612	0.7114758
7.0125539	0.7540324
7.0137384	0.6149864
7.0248939	0.8850356
7.0254659	0.2572173
7.0372499	0.2559555
7.0425347	0.9124467
7.0440736	0.6786125
7.0499073	0.9993853
7.0685189	0.2065322
7.0700042	0.2148107
7.0716884	0.6537898
7.0739939	0.3983039
7.0764158	0.7236692
7.0872042	0.2393972
7.0898036	0.6211358
7.0906126	0.9417323
7.0920828	0.4146849
7.1023673	0.8249178
7.1248867	0.5995752
7.1291473	0.1450703
7.1318038	0.4789377
7.1357072	0.9833889
7.1428368	0.1561623
7.1693818	0.4466771
7.1750314	0.4358134
7.1896759	0.6512469
7.194305	0.2191516
7.2268546	0.2816728
7.2472844	0.2619216
7.2560868	0.1718039
7.2599839	0.242172
7.2737193	0.2627757
7.2779056	0.2569322
7.2847896	0.5737
7.286529	0.5182325
7.298143	0.630367
7.3216762	0.6134192
7.3217903	0.4097042
7.3460672	0.7805906
7.3492135	0.2827689
7.3579244	0.739074
7.372756	0.1790829
7.4061689	0.7607194
7.4298024	0.7061711
7.4407843	0.8028584
7.4843173	0.7706668
7.4847315	0.2733868
7.4930851	0.7920824
7.4979064	0.4331878
7.5011836	0.6692387
7.5160014	0.2115459
7.5364608	0.5284125
7.5650486	0.1550314
7.5709986	0.5266135
7.5805796	0.5131632
7.6092321	0.9643055
7.6097369	0.3837412
7.6305028	0.8057396
7.6307385	0.943311
7.6318043	0.7265194
7.7008363	0.800839
7.701873	0.3304178
7.7087696	0.875153
7.7159149	0.8198579
7.7160494	0.2725858
7.7182863	0.2573496
7.7487603	0.5509028
7.7561322	0.4330965
7.7591309	0.1401583
7.760385	0.8954006
7.7972058	0.3235734
7.8005201	0.3422019
7.8305395	0.7291072
7.8426859	0.9772137
7.8465374	0.4571406
7.8488415	0.1849842
7.8504689	0.5086502
7.8647326	0.7057559
7.8689127	0.8407946
7.8734332	0.3870558
7.9002325	0.3589228
7.9039872	0.1822083
7.9220779	0.8714447
7.9362179	0.6918235
7.9590364	0.4177061
7.9885723	0.2949384
8.0087813	0.307728
8.0209238	0.3609097
8.0218863	0.307386
8.028	0.1718379
8.0286489	0.1988217
8.0315683	0.1738715
8.0362766	0.3269593
8.0665178	0.3056624
8.0976642	0.2509635
8.1001807	0.4383114
8.112098	0.244557
8.1619718	0.8194743
8.1812484	0.3470024
8.1862475	0.469973
8.2130519	0.1775769
8.2257328	0.660578
8.241283	0.3737089
8.2561404	0.889382
8.2651693	0.5175037
8.2693462	0.1500228
8.3081352	0.246364
8.3241743	0.2139081
8.3416718	0.2586277
8.351357	0.1694183
8.3689128	0.870427
8.370798	0.7009058
8.3746139	0.5203856
8.3943547	0.4069032
8.4135876	0.6155719
8.4223566	0.1445439
8.4298411	0.6732563
8.4564761	0.4126089
8.471434	0.4627127
8.4767504	0.9040134
8.4776809	0.7639237
8.4806739	0.9959244
8.4932231	0.9075982
8.5100649	0.5761224
8.5449361	0.6302083
8.5832837	0.3101038
8.6206814	0.2498242
8.6269885	0.7947783
8.6412461	0.2369941
8.6417593	0.0332643
8.6649314	0.5621677
8.7052798	0.3754646
8.709614	0.6520506
8.7207371	0.661532
8.7670698	0.6806674
8.7794562	0.6863044
8.7810667	0.2280868
8.7904656	0.5801402
8.8144286	0.2008514
8.8274428	0.5232025
8.850155	0.7078958
8.8590699	0.9417568
8.9057393	0.6236214
8.910634	0.1741038
8.9174443	0.0414299
8.9186784	0.7652452
8.982604	0.3156739
8.9848485	0.2827517
9.0124153	0.7805618
9.0402355	0.4588864
9.0521047	0.9785934
9.0637998	0.2251207
9.0831608	0.2539305
9.1179546	0.6860228
9.1199632	0.2264738
9.1329849	0.7380589
9.1354447	0.5644934
9.1625899	0.5637701
9.1743177	0.1515076
9.1960458	0.502296
9.2199819	0.9739724
9.2307604	0.191411
9.2349281	0.469663
9.2473171	0.6911664
9.2563238	0.1750727
9.2723164	0.6420216
9.2750812	0.6857571
9.3300667	0.3091963
9.3410616	0.5984024
9.370892	0.6402215
9.3780533	0.2059481
9.3872484	0.8108413
9.4132231	0.8836773
9.4268053	0.2669329
9.4501871	0.255614
9.5035352	0.2062184
9.5144883	0.3851525
9.5953403	0.7842029
9.5976571	0.6453848
9.6470694	0.7353203
9.654797	0.3186216
9.6569258	0.8928509
9.6972865	0.3503698
9.7013663	0.8210866
9.701609	0.2102129
9.7096374	0.5622023
9.7439254	0.2295616
9.7544588	0.9162822
9.7745154	0.4347689
9.7753947	0.6519579
9.7799029	0.1420126
9.8328786	0.2090053
9.8458214	0.1081442
9.8463595	0.0974664
9.8835169	0.3553827
9.9465738	0.7954126
9.9567112	0.4431102
9.9666004	0.3544633
9.9834079	0.2494303
10.0360997	0.5262792
10.0430108	0.5462967
10.0431903	0.5395084
10.0834669	0.2353824
10.0902469	0.9225379
10.1125527	0.5408486
10.1275067	0.3057045
10.2487327	0.3053745
10.2714902	0.3842085
10.312115	0.1473715
10.4007078	0.338208
10.4508411	0.1143217
10.4523616	0.9744837
10.4620038	0.7277149
10.5135613	0.3938266
10.5136778	0.6968215
10.5195271	0.3101984
10.5394425	0.3038486
10.5449704	0.1751605
10.5505	0.1860589
10.6956845	0.514181
10.7043872	0.300066
10.7183781	0.3352636
10.8253932	0.1169767
10.8960422	0.6229213
10.9181722	0.884984
10.9275083	0.8797496
10.978742	0.1390967
10.9994511	0.2346222
11.0090416	0.6180422
11.0132392	0.8698112
11.0994949	0.2519062
11.1108275	0.5618921
11.1730884	0.2183688
11.1856287	0.648814
11.2922149	0.1270184
11.2952179	0.1532981
11.295755	0.297622
11.3445867	0.2059884
11.3494701	0.6509712
11.3780935	0.7217638
11.4080284	0.9558209
11.4764241	0.5351016
11.4906509	0.158221
11.5515296	0.1643873
11.5587162	0.2544384
11.5764706	0.6585895
11.6092993	0.2231228
11.6174523	0.7865613
11.6262596	0.110711
11.6407125	0.5077875
11.641591	0.2577168
11.6632124	0.9194793
11.6733333	0.2766012
11.6970573	0.1002662
11.7600894	0.5482924
11.7816774	0.3426362
11.79036	0.1829691
11.8377049	0.758827
11.8754821	0.5928991
11.8855487	0.923709
11.8924066	0.2746755
11.95595	0.8318359
12.0012146	0.9874951
12.0226306	0.3557671
12.032948	0.9307275
12.0364787	0.6402799
12.0514109	0.6031568
12.0578415	0.9071364
12.0735835	0.8256758
12.1008487	0.1280283
12.113414	0.2307905
12.129932	0.6786859
12.1426399	0.6567177
12.2064229	0.1587642
12.2229336	0.6685707
12.2584699	0.1456783
12.2756627	0.6971747
12.3008305	0.1306889
12.3078302	0.1790346
12.3874001	0.3799788
12.4548456	0.2445212
12.4760592	0.2109364
12.4882747	0.5082812
12.4885726	0.2124371
12.5285505	0.9992926
12.5907756	0.610465
12.6266667	0.7218729
12.6490308	0.1899632
12.7436346	0.9943164
12.8411348	0.8984714
12.8471892	0.7355824
12.8844567	0.4160921
12.9729837	0.3044207
12.9787234	0.8274845
13.1072027	0.8374788
13.1211515	0.8832701
13.2071188	0.9223712
13.2246398	0.1503979
13.2433217	0.4091415
13.2525798	0.204935
13.4175393	0.4685129
13.4175824	0.9992046
13.4772509	0.1440101
13.493265	0.1368787
13.5070316	0.163018
13.5226495	0.1254639
13.5677618	0.9968501
13.5995004	0.6434637
13.6201102	0.9769744
13.6588078	0.1567684
13.7170707	0.1594205
13.7344633	0.7468136
13.7348993	0.5234183
13.7448234	0.168015
13.8601053	0.4673443
13.9286927	0.4076765
13.9519541	0.2671004
13.9625919	0.3931632
13.9669007	0.9166966
13.9807096	0.2202915
14.006091	0.4791468
14.0488121	0.128942
14.1153846	0.5124323
14.1594043	0.8525146
14.1912335	0.0740654
14.2855356	0.6356454
14.374972	0.141486
14.5459213	0.7826782
14.5557629	0.1478143
14.5656325	0.297632
14.594098	0.9315023
14.6043095	0.5943617
14.6307956	0.4140788
14.6325564	0.4666348
14.7036527	0.7221339
14.7233475	0.2024274
14.7541886	0.3220518
14.7760642	0.8167697
14.7825815	0.9811938
14.7856729	0.1775605
14.8022599	0.9707207
14.8301757	0.2126421
14.9198056	0.886871
14.9488235	0.2045182
14.9666864	0.2345524
14.9706479	0.2258893
15.1110712	0.445457
15.1507583	0.8981685
15.1829365	0.8478128
15.1962894	0.2222668
15.2694321	0.8353605
15.2994269	0.9418444
15.3055222	0.8235719
15.4093102	0.1535316
15.4404412	0.9869768
15.4736575	0.9961833
15.5421607	0.4733707
15.5626649	0.6582733
15.7624151	0.1938353
15.9386389	0.8861069
16.0681132	0.0085376
16.0839085	0.3908503
16.102649	0.9880185
16.1183295	0.1825384
16.1330998	0.8826372
16.1808905	0.7817849
16.1914414	0.3626992
16.2242178	0.1503039
16.2606101	0.2006777
16.3716427	0.3983783
16.5589478	0.0889547
16.660214	0.9782756
16.6703961	0.125062
16.8433205	0.4247719
16.8795649	0.1687192
16.8907483	0.3107706
17.100175	0.9902325
17.1051931	0.8242046
17.1062538	0.1387433
17.1117735	0.545054
17.2337913	0.9999575
17.2837805	0.6826011
17.3467742	0.9422131
17.5469016	0.7263467
17.7241045	0.7335472
17.8256844	0.7794642
17.8711933	0.0538773
17.8905677	0.0927309
17.9766846	0.1764055
18.0756303	0.6115568
18.1684149	0.9091824
18.5105624	0.1035967
18.5547884	0.1147236
18.7757628	0.1792786
18.9330916	0.9333844
19.0527396	0.8437736
19.1458576	0.8342595
19.2885937	0.8634901
19.3764239	0.1804591
19.5255864	0.6679495
19.6105845	0.4407014
19.7818868	0.5428886
19.7912409	0.8929725
19.8283988	0.725741
19.9020522	0.5443408
19.9316447	0.601482
19.9489362	0.7297985
20.0682705	0.8100832
20.1742548	0.120594
20.2010444	0.9970912
20.4136804	0.1397075
20.5786517	0.9018517
20.8007246	0.3828763
20.8375747	0.1106982
20.8399044	0.7227193
20.8708798	0.9992534
21.1242502	0.8806676
21.2506868	0.2048149
21.2573892	0.7540879
21.3027631	0.7365494
21.7367861	0.9644069
21.7448606	0.8913241
21.7771776	0.4587406
21.8727506	0.6134761
21.996	0.4732127
21.9974359	0.5667062
22.0061714	0.2412711
22.2245646	0.2904864
22.3393526	0.839493
22.5898193	0.1392368
22.5963234	0.121201
22.6352724	0.7712878
22.7957133	0.470993
22.8853448	0.9782661
22.98159	0.6911642
23.165038	0.865401
23.1835443	0.792886
23.1994065	0.3576278
23.2208605	0.2041632
23.5914303	0.9964323
23.7179228	0.1258313
23.7580128	0.4783793
23.8835517	0.7999535
23.9322957	0.6038708
24.038162	0.9953304
24.1255449	0.5788728
24.2429775	0.8720167
24.3031496	0.5663204
24.5580247	0.8642439
24.6100427	0.7053761
24.6158048	0.1264774
24.6191064	0.781033
24.6924731	0.8362006
24.7273518	0.128854
24.7331288	0.9641968
24.9668364	0.2006359
25.0398366	0.5932047
25.2202305	0.5212867
25.4543414	0.1703956
25.5547933	0.1697942
25.6006601	0.4895226
25.7980653	0.5250812
25.8286871	0.8431645
25.9275053	0.5235806
26.1301518	0.2283796
26.1722684	0.2366704
26.252818	0.3193731
26.2622449	0.674928
26.3752475	0.3486583
26.3836344	0.8432286
26.5630854	0.4134422
26.5947283	0.1545725
26.6151978	0.3210491
26.7628571	0.9314205
26.9326484	0.688617
27.0152039	0.8594223
27.4182638	0.858064
27.562701	0.9923615
27.7864897	0.5795481
27.9821045	0.4655674
28.4365733	0.6220337
28.6459016	0.9519619
28.7011747	0.7710952
29.011335	0.9737373
29.0181125	0.621997
29.1117686	0.8141553
29.1235741	0.662919
29.1834532	0.7436643
29.4668571	0.1699958
29.8473581	0.2975945
29.9265176	0.3949536
30.0051606	0.4164278
30.0222545	0.5742742
30.3076487	0.9511198
30.6115897	0.7788568
30.8479087	0.8305509
30.987069	0.9778996
31.1003135	0.9999111
31.4282051	0.7663868
31.4910277	0.7730386
31.7124711	0.4304535
32.0278054	0.5431197
32.0822963	0.9993118
32.0918521	0.043974
32.1188933	0.1943744
32.2982456	0.3942505
32.3159609	0.5994796
32.3842046	0.2107501
32.7394689	0.9521801
32.7442748	0.8435115
32.9094075	0.0879195
32.9732456	0.0427986
33.460371	0.6093714
33.5065604	0.9978434
33.5867769	0.3995085
33.6758893	0.9951571
34.2904911	0.950175
34.2914365	0.7707613
34.3502825	0.9987704
34.3680456	0.837686
34.5390016	0.8191318
34.6910569	0.7064042
34.7131411	0.4171785
35.0880282	0.5603587
35.2890173	0.4925106
35.3038674	0.9999303
35.8788592	0.1718155
36.152019	0.8866685
36.7440476	0.8558856
36.8831169	0.9044512
36.9277857	0.5940919
37.300578	0.9490439
37.4184397	0.8821735
37.9419698	0.973615
38.3593381	0.5147077
41.3257288	0.2987902
41.4927885	0.7617298
41.8010471	0.659164
44.1325301	0.5815412
45.124269	0.8650417
45.2334152	0.8716706
45.4050343	0.8428205
45.8443735	0.9010861
45.8849741	0.7344144
46.6753555	0.6156786
47.4659653	0.572495
48.5087719	0.8619712
50.6428571	0.7886665
50.8816199	0.8307844
51.927593	0.9992007
53.4728033	0.5417938
53.5291375	0.9853545
54.075419	0.8502598
55.882716	0.3736014
55.9030303	0.9463093
56.8498728	0.8440252
58.7586207	0.9063025
60.4268097	0.0601053
65.6267806	0.3108391
65.7226277	0.9984915
66.0143541	0.8913376
66.9527721	0.8741503
67.9509979	0.2433569
71.0373333	0.999208
71.8598726	0.3220956
73.3161512	0.76155
75.0348837	0.5842173
77.2205438	0.2950727
80.2086957	0.3686585
81.6613419	0.8472647
85.4074074	0.6554148
86.0084034	0.9984272
86.9245283	0.8972484
94.7671233	0.5792427
97.6960784	0.7125713
100.0065189	0.7788646
101.89375	0.8735842
102.0503145	0.9746562
102.4862385	0.5758517
103.2642487	0.9881345
104.3818182	0.8156581
105.2	0.9996493
107.55	0.8351605
120.6631016	0.680033
122.4296296	0.4562163
133.6811594	0.6144129
138.3108108	0.7829463
151.6296296	0.6224314
156.0192308	0.8706978
163.3606557	0.3517585
174.957265	0.8024655
186.8677249	0.7239099
187.8181818	0.8812212
202.0614035	0.730555
219.3664596	0.8501952
236.5625	0.7206741
278.3088235	0.8491563
